>mm8
226 227 143 -147 5 335 18 19 -24 -23 -22 21 -20 25 26 27 28 118 -119 400 3 4 -2 -1 6 7 8 -272 -269 258 -243 -211 321 290 -282 -278 $
-166 -165 -164 -162 -161 -160 158 -157 -156 -155 -154 153 -152 159 448 -274 -273 415 417 -416 308 424 -307 -306 -305 -304 -303 -302 -301 $
183 184 -407 -406 131 358 129 375 374 -373 371 -379 -378 -377 -376 380 384 -383 -382 381 385 386 387 -389 -388 390 391 392 $
-372 -353 337 -334 -199 -204 -203 -202 -201 -200 339 340 -213 -178 $
255 -254 -309 -182 -137 -136 134 135 246 -133 232 -114 -113 -111 -110 -109 -108 -107 -106 $
44 -35 -34 -33 -338 140 275 276 311 -324 -310 325 -323 -322 -320 328 329 330 331 -332 333 $
-105 -104 -103 -102 -101 233 234 235 236 426 427 $
359 360 361 -300 414 -413 69 70 71 -59 -58 -57 -55 -54 -53 -52 -51 -50 -49 -48 $
167 -170 -168 171 -169 172 173 116 -115 130 411 -139 -142 -141 32 -447 120 122 -121 $
-268 262 -263 264 265 260 261 -270 -393 396 123 125 126 127 399 395 -398 -397 -402 -401 $
271 277 279 280 281 $
256 257 -259 -9 -253 252 251 249 250 10 11 12 13 15 -16 17 -289 -288 -287 -286 -285 -284 -283 -345 409 410 -408 $
228 229 -68 -66 64 65 -319 -318 -317 -316 -91 90 -177 163 -146 -138 -132 128 -117 -112 -83 $
-231 -230 247 248 242 244 -245 237 238 239 240 241 42 56 63 -30 -14 -434 -124 $
-197 196 -195 -194 -193 -192 -191 198 179 212 -394 423 72 73 74 75 76 77 78 79 80 81 82 96 100 -422 -421 -420 -419 -418 186 187 -190 -189 -188 -174 175 312 313 314 -315 $
176 205 206 207 208 209 210 180 185 -85 -84 -67 60 45 46 47 29 31 61 -295 412 -294 297 -296 298 299 $
-404 405 341 -343 -342 344 352 354 355 356 -357 351 -350 -362 364 363 $
336 214 215 216 217 218 -219 220 326 -327 -223 -225 224 221 -99 -98 -97 -95 -94 -93 -92 222 403 425 -89 -88 -87 -86 365 366 367 368 369 370 -267 -266 $
-292 -291 -181 -293 348 349 346 -145 -144 148 149 150 151 347 62 -39 -38 -37 -36 -40 41 43 $
439 440 441 442 443 444 445 446 -438 428 -433 -432 -435 436 437 -429 -431 -430 $
>canFam2
-164 -402 -401 -400 -399 -395 165 166 167 168 169 170 171 172 157 158 159 160 161 -245 -244 242 -246 -405 -404 $
301 302 -427 -426 -425 -424 -448 -447 406 407 $
125 126 127 237 238 239 240 241 247 248 249 $
-162 140 141 142 143 144 145 147 148 149 150 151 152 153 154 155 156 173 $
234 235 236 -349 82 $
208 -207 192 193 194 195 196 197 176 178 179 180 181 182 201 -202 -203 204 205 206 $
-365 -30 -14 303 -304 305 306 307 308 87 88 89 90 91 92 93 94 95 $
-183 -209 210 212 213 -225 -224 -223 221 -99 -98 215 -216 217 218 -219 220 $
334 337 353 372 -163 177 -146 $
184 185 -200 -199 -198 191 -289 -288 -287 -286 -285 -284 $
-86 -85 5 -4 -3 -2 -1 6 7 8 9 10 $
-270 -268 -267 -266 -260 259 -257 -265 -264 263 -262 -261 -256 -255 -254 109 110 111 113 -366 -434 $
-60 -61 -31 -29 -47 -46 -45 -44 -43 -403 $
-291 283 $
-326 -325 -324 -323 -322 -320 328 329 330 331 332 333 335 336 $
410 -41 40 -39 -38 -37 -36 -35 -34 -33 -32 62 69 $
-409 -408 $
-327 -319 -318 -317 -316 -315 -314 -313 -312 -310 -311 97 -222 28 27 $
418 419 420 421 422 423 415 417 -416 413 -414 271 $
-300 -299 -298 297 -296 294 295 412 $
277 279 280 281 $
226 227 228 229 230 231 232 233 $
-122 -121 -120 -119 -118 -116 -115 -114 343 -341 -342 344 352 354 355 356 -357 351 -350 347 348 -74 -73 -75 -81 -80 -79 -78 -77 -76 -72 $
-345 -346 $
-50 -49 -48 411 $
84 $
51 52 53 -54 55 57 58 59 -71 -70 $
-102 -101 64 65 66 68 $
134 135 136 137 139 $
11 12 13 15 -16 17 18 $
19 20 21 22 -23 24 25 26 214 $
-258 269 278 $
-309 273 274 275 276 123 -133 -131 -130 -129 -108 -107 -106 -105 -104 -103 $
-293 -292 373 -374 375 -67 -63 -56 -42 -370 -369 -368 -367 $
186 187 -190 -189 -188 -175 174 -363 -364 362 -361 -360 -359 -358 -138 -132 -128 -117 -112 -100 -96 -83 $
272 -243 -211 321 -290 -282 -397 -396 393 394 -398 $
339 338 340 $
392 -381 382 385 386 387 -389 -388 390 391 124 383 -384 -380 376 377 378 379 -371 -253 -252 -251 -250 $
428 429 430 431 432 433 435 -436 437 438 439 440 441 442 443 444 445 446 $
>rn3
161 162 164 160 165 166 167 168 169 -171 -170 172 173 -116 -115 -404 405 341 -343 -342 344 352 -354 -355 356 -357 351 -350 -362 364 363 271 -277 -279 280 281 $
-361 359 -360 -358 -131 -130 129 375 374 -373 371 -377 376 -378 379 380 384 -383 -382 381 385 -386 387 -389 -390 388 391 392 $
-51 -50 -49 -48 52 -53 54 55 -57 -58 59 -71 -70 -69 413 -414 -300 $
-315 314 -313 312 -175 174 188 -189 190 -187 186 418 419 421 -420 422 $
-3 -400 4 2 -1 6 -7 8 -272 -269 258 -243 211 321 290 -282 -278 $
100 -96 -82 81 -80 -78 77 -76 -75 -74 72 73 -423 183 184 -407 406 $
-275 -140 338 -446 33 -34 35 -44 311 -324 -310 325 -322 -323 -320 -328 329 -330 -331 -332 333 $
276 -403 -222 92 94 -93 95 -97 -98 99 -221 -224 225 223 327 -326 -220 219 218 -217 -216 -215 -214 336 $
133 246 -134 -135 136 -137 182 309 -264 263 -262 268 265 260 261 -270 254 -255 256 257 -259 $
-393 -396 123 -125 126 127 -399 -395 -398 -397 -402 401 $
-369 368 -367 425 -366 -365 86 87 -88 89 -370 -267 266 $
114 113 -111 110 -109 -108 -106 -107 -104 -105 -103 -102 -101 -229 -228 68 -66 64 -65 -319 -317 -318 -316 -91 90 -177 163 -146 138 -132 128 117 -112 83 $
139 411 -416 -417 -415 -273 274 158 159 -448 157 -156 -155 -154 153 -152 $
-9 -253 252 251 249 250 10 -11 13 12 15 -16 17 289 288 -287 286 -285 284 -283 -345 -409 410 -408 $
-212 -179 -198 191 79 192 -193 -194 195 -196 197 176 -205 206 207 208 209 210 180 -185 -85 -84 -67 60 45 -46 47 29 -31 61 -295 412 -294 297 -296 299 298 $
-227 226 -231 -230 248 247 242 244 -245 237 -238 -239 240 -241 42 56 63 -30 -14 434 -124 $
372 353 337 -334 -199 -204 -203 -202 -201 -200 339 -340 -213 -178 $
-292 -424 -308 306 -307 -305 -304 -303 -302 301 232 233 -234 235 -236 -426 -427 $
-291 -181 293 348 349 346 -145 -144 148 -149 150 151 347 62 -39 41 -38 37 -36 -40 43 $
447 -32 141 -142 143 -147 5 335 18 19 20 21 22 23 24 -25 26 27 28 118 119 120 121 122 -394 $
439 -438 -437 -429 431 430 428 -433 432 -435 436 440 -441 442 444 -443 445 $
>galGal2
192 -199 -198 191 -208 -207 -206 -205 -204 -203 -202 -201 -200 301 302 303 304 305 306 307 -426 -425 -424 -308 -300 294 295 412 -299 -298 427 297 58 54 55 57 51 52 53 177 -50 -49 -48 411 -433 -432 -431 -430 -429 -428 341 -343 -342 447 448 -336 -335 -333 -331 -332 -330 -329 -328 320 322 323 324 325 326 -327 -319 -318 -317 -316 -315 -314 -313 -312 -310 -311 -292 -291 296 $
-346 -349 -348 -347 344 351 -350 -356 -355 -354 -352 357 $
-123 -122 -121 $
-366 -365 -404 405 -369 -368 -367 370 $
-60 44 45 46 47 29 31 61 $
130 131 133 -129 $
397 359 360 -174 175 -375 361 -362 364 363 358 -410 409 $
-414 418 419 420 421 422 416 413 -417 -415 -423 $
-139 $
-250 -249 252 -251 -253 $
380 386 387 -389 -388 390 391 392 $
-190 -189 -188 -373 186 187 376 377 378 379 374 -371 383 -384 $
210 40 212 213 254 255 -270 -268 -267 -266 -265 -264 263 -262 -261 -260 259 -257 -256 193 194 195 196 197 176 178 179 180 32 33 34 35 36 37 38 39 -41 -43 -182 -181 -185 209 183 -402 -401 -137 -136 -135 -134 -102 -101 184 -400 395 -394 -393 226 227 228 229 230 231 232 233 -236 -235 -234 $
-408 $
-124 $
434 $
293 $
-258 269 272 146 $
385 -381 382 $
-403 $
-407 -406 142 -290 -282 -278 141 -140 -321 309 -173 -172 -171 -170 -169 -168 -283 165 166 167 -161 -160 -159 -158 -157 -156 -155 -154 -153 -152 -151 -150 -149 -148 -147 -145 -144 -220 219 -218 -217 -216 -215 -214 334 337 353 372 -143 $
438 439 -436 -442 435 -437 -441 -440 -446 -445 -444 -443 90 91 92 93 94 95 86 87 88 89 97 82 -85 -84 98 99 -221 -81 -80 -79 -78 -77 -76 -75 -74 -73 -72 $
284 285 286 287 288 289 -345 339 340 338 $
-274 -273 -271 -276 -275 -277 279 280 281 $
-19 -18 -17 -16 -15 -13 -12 20 21 22 23 24 -11 -4 -3 59 -2 -1 6 7 8 9 10 $
128 132 138 -243 163 -211 -117 -112 -100 -96 -83 14 30 42 56 63 67 $
-5 -26 -25 -62 -28 -27 -70 -69 71 -68 -66 -65 -64 $
223 398 -399 -396 114 222 162 164 $
109 110 111 113 104 105 106 107 108 237 238 -240 -239 -246 118 119 120 -116 -115 224 225 247 248 241 $
-127 -126 -125 103 -242 244 245 $
>hg18
124 434 14 30 42 56 63 67 83 96 100 112 117 128 132 138 146 163 177 211 243 258 269 272 278 282 290 309 321 $
254 255 256 257 259 260 261 262 263 264 265 266 267 268 270 271 273 274 275 276 277 279 280 281 $
283 284 285 286 287 288 289 291 292 293 $
294 295 296 297 298 299 300 301 302 303 304 305 306 307 308 $
310 311 312 313 314 315 316 317 318 319 320 322 323 324 325 326 327 328 329 330 331 332 333 335 336 $
338 339 340 $
341 342 343 344 345 346 347 348 349 350 351 352 354 355 356 357 $
358 359 360 361 362 363 364 365 366 367 368 369 370 $
371 373 374 375 376 377 378 379 380 381 382 383 384 385 386 387 388 389 390 391 392 $
393 394 395 396 397 398 399 400 401 402 $
403 404 405 $
334 337 353 372 406 407 447 448 1 2 3 4 5 6 7 8 9 10 11 12 13 15 16 17 18 19 20 21 22 23 24 25 26 27 28 $
408 409 410 $
411 $
412 413 414 415 416 417 418 419 420 421 422 423 424 425 426 427 $
29 31 32 33 34 35 36 37 38 39 40 41 43 44 45 46 47 48 49 50 51 52 53 54 55 57 58 59 60 61 62 64 65 66 68 69 70 71 $
72 73 74 75 76 77 78 79 80 81 82 84 85 86 87 88 89 90 91 92 93 94 95 97 98 99 $
101 102 103 104 105 106 107 108 109 110 111 113 114 115 116 118 119 120 121 122 123 125 126 127 129 130 131 133 $
134 135 136 137 139 140 141 142 143 144 145 147 148 149 150 151 152 153 154 155 156 157 158 159 160 161 162 164 165 166 167 168 169 170 171 172 173 $
174 175 176 178 179 180 181 182 183 184 185 186 187 188 189 190 191 192 193 194 195 196 197 198 199 200 201 202 203 204 205 206 207 208 209 210 212 213 $
214 215 216 217 218 219 220 221 222 223 224 225 226 227 228 229 230 231 232 233 234 235 236 $
237 238 239 240 241 242 244 245 246 247 248 249 250 251 252 253 $
428 429 430 431 432 433 435 436 437 438 439 440 441 442 443 444 445 446 $
>monDom4
271 -346 -349 -348 -347 -357 -274 -273 275 276 -277 -281 -280 -279 415 351 -350 -356 -355 -354 -352 -344 -345 339 -338 -340 129 130 131 133 -250 -249 -408 -405 404 365 366 251 -252 253 370 -337 -334 214 215 216 217 218 -219 220 223 224 225 222 -410 -409 -407 -406 -369 -368 -367 372 353 $
-30 -14 -100 -96 -67 -63 -56 -42 83 211 243 -258 269 272 278 282 290 -321 -309 384 -383 -382 381 385 386 -392 -391 -390 388 389 -387 139 140 141 142 143 144 145 147 148 149 150 151 152 153 154 155 156 157 158 159 160 161 162 164 165 166 167 168 169 170 171 172 173 112 117 128 132 138 146 -163 177 -380 376 377 -187 -186 -190 -189 -188 378 379 -371 374 $
-246 118 119 120 106 107 108 109 110 111 113 -122 -121 115 116 -123 397 398 -396 101 102 -229 -228 -227 -226 -114 -105 -104 -103 -399 393 394 395 400 401 402 -137 -136 -135 -134 230 231 232 233 234 235 236 403 418 -414 423 413 419 420 421 422 $
411 -433 -432 -57 -55 -54 58 59 -71 62 5 -4 -3 -2 -1 6 7 8 9 10 11 12 13 15 -16 17 18 19 20 21 22 23 24 -292 293 311 310 312 313 314 315 316 317 318 319 327 -326 -325 -324 -291 -434 $
-85 -84 -221 82 -99 -98 -97 -95 -94 -93 -92 -91 -90 -89 -88 -87 -86 -81 -80 -79 -78 -77 -76 -75 -74 -73 -72 283 284 285 286 287 288 289 $
-127 -126 -125 239 240 241 -362 364 363 -174 175 -375 -361 359 360 -245 -244 -242 -124 358 44 45 46 47 29 31 61 -60 -185 -184 -183 -40 181 182 $
48 49 50 51 52 53 -431 -430 -429 -428 341 -343 -342 447 448 -336 -335 -333 332 320 322 323 -331 -330 -329 -328 66 68 -26 -25 -65 -64 27 28 -69 $
300 -427 301 302 303 304 305 306 307 -426 308 424 425 -299 -298 -297 296 294 295 412 -192 -191 198 199 200 201 202 203 204 205 206 207 208 209 210 212 213 254 255 -270 -268 -267 -266 -265 -264 263 -262 -261 -260 259 -257 -256 193 194 195 196 197 43 32 33 34 35 36 37 38 39 -41 -180 -179 -178 176 $
-248 -247 -238 -237 440 441 -435 -70 -373 417 -416 $
-437 443 444 445 446 442 -436 -439 -438 $
