>mm8
-703 706 -562 563 564 661 677 694 695 696 697 699 700 702 704 705 707 708 709 711 712 -655 717 718 719 720 721 -213 -1 199 -194 -190 -188 -175 -170 -160 -155 -87 -75 -63 -59 -51 -36 200 276 201 -860 235 -224 -58 -57 55 -56 -54 -53 -52 -50 -49 48 -47 -196 46 -45 -44 -43 716 -714 -713 601 606 611 461 462 463 -750 -749 -748 -747 -746 -745 744 -743 -195 -741 -740 751 752 753 754 755 757 758 3 -4 $
-401 -400 -399 -398 -397 -396 -96 -395 -394 -393 -392 -391 -390 -389 -388 -387 -386 -385 384 -95 -94 -93 -99 92 -91 90 -89 -88 -83 -82 -81 -80 79 -98 -78 -77 -76 -74 -73 -72 84 85 86 619 -97 -311 -310 -572 -570 -569 571 407 408 409 410 411 412 598 -406 -405 -404 -403 -402 $
536 537 538 -540 539 542 543 124 544 -546 -545 547 548 125 -501 766 503 -24 23 -22 294 283 528 527 -526 120 121 -530 -529 122 531 532 533 534 -535 -541 123 $
480 481 -373 -110 -109 -108 -359 -357 339 -338 353 -332 329 -327 -324 -318 -315 -309 -166 -165 -164 -163 -162 -161 -159 469 248 246 470 471 472 473 474 475 476 -380 $
-935 -934 -933 -932 -931 -930 -929 -928 -927 -926 -925 953 -263 -119 -118 117 -116 -115 -34 -33 -32 -31 804 28 -281 29 30 261 262 -27 -264 221 280 -279 -956 -955 -954 -952 -951 -950 -949 -948 -947 -946 -945 -944 -943 -942 -941 -940 -939 -938 -937 $
-448 -449 450 452 453 454 455 456 457 459 460 -770 -769 -768 -767 -477 37 312 313 -314 306 -304 -305 479 468 -414 628 -429 -428 -427 -426 -425 424 -423 -422 -421 -420 -419 433 434 -435 -437 -438 439 440 441 442 443 444 445 446 447 $
-918 -917 -915 -914 -923 -913 222 -922 -921 223 -225 226 227 228 229 230 231 232 233 234 602 603 604 605 -920 -919 $
504 505 506 507 508 509 -510 511 -383 -382 -715 -592 -593 820 821 822 823 -795 794 -793 792 -790 -789 -788 -787 -785 -784 -783 -782 -781 -780 -779 -778 587 588 589 590 $
104 105 2 -959 958 -957 25 -551 100 -35 -41 -40 -39 -38 -764 765 710 5 7 8 9 10 379 -102 -101 415 436 451 103 -6 553 $
557 -558 559 560 561 -11 -296 12 -290 13 14 15 16 -17 18 -19 20 -21 291 285 555 556 286 287 288 289 -300 -299 -568 -298 -567 -297 -566 -565 -550 $
236 -308 307 316 317 319 320 322 $
-345 -344 -343 -342 -341 -340 486 577 578 579 -576 282 -580 581 582 583 584 585 586 -284 -723 -722 478 278 -277 275 724 725 -726 727 729 730 731 732 733 735 736 737 -738 739 -352 356 -351 -350 -349 -348 -347 -346 $
-936 -924 -916 -912 -909 -906 -890 -869 210 211 212 -863 -861 -859 214 -858 -826 -797 -791 -786 -776 -756 -805 -803 818 -817 -816 -815 813 814 819 202 796 866 867 203 -868 -204 205 206 870 871 249 872 873 -874 875 876 877 -418 -417 207 806 807 808 208 209 809 810 811 812 -889 888 -887 -886 $
-219 -701 -698 692 -218 -217 -216 -215 -458 -321 -247 -148 -106 -26 -884 -71 -70 -69 68 -67 -66 197 244 245 198 265 266 267 268 -269 270 271 272 273 -274 250 -251 252 -253 254 255 -256 257 -258 259 -260 237 238 239 240 241 242 -243 728 734 -220 $
-145 843 848 850 852 854 -144 607 -595 -594 -143 413 127 128 129 -136 -135 -134 -133 -132 -131 -130 137 138 -157 -156 153 154 -142 -141 -140 -416 -139 158 111 178 -552 596 597 824 -825 827 828 151 -150 829 830 831 832 833 -834 835 -836 837 838 839 840 841 842 844 845 846 847 849 -149 -851 -147 853 -146 $
777 759 760 761 762 303 -302 -301 591 -370 -372 -371 107 374 -375 376 377 378 381 167 168 169 171 172 173 174 176 177 112 113 126 855 856 857 -865 152 -864 -742 -554 $
-358 328 330 513 -515 -514 -516 517 519 518 520 323 325 326 -574 575 512 331 333 334 335 336 337 -485 -484 -483 -482 -549 -610 -502 495 -496 497 498 499 -500 494 354 -362 355 -361 -360 $
523 524 525 -295 -293 -292 -466 467 179 180 181 182 183 184 -185 430 431 -432 193 -192 -191 -189 186 187 -911 -910 -908 464 -907 465 -905 904 -903 -902 -901 -900 -899 -898 -897 -896 -895 -894 -893 -862 -892 891 573 599 600 -885 883 -882 -881 -880 -879 -878 521 522 $
763 -773 -772 -771 -774 775 -363 -114 -369 -368 -367 -366 -365 493 -492 -491 -490 -489 -487 -488 -42 60 61 62 64 65 -364 -802 -801 -800 799 -798 $
636 637 638 639 640 641 626 627 642 643 644 645 646 647 648 649 650 651 652 653 654 656 629 657 658 -632 -631 -609 -613 -612 660 -662 663 664 665 666 667 -668 669 670 671 672 673 674 675 676 678 679 680 -682 -681 683 684 685 686 687 688 689 690 691 693 -659 -608 -621 -618 -617 -616 -615 620 622 -623 614 624 -625 630 633 634 -635 $
>canFam2
-264 -565 -575 -574 -564 -563 -562 -556 -95 96 97 98 99 100 -568 101 102 103 104 105 83 84 85 86 88 89 90 91 92 93 -260 -259 -258 -257 -256 -255 -254 -253 -252 -251 250 -567 -566 236 -262 -261 $
-390 391 392 393 394 -605 -604 -603 -602 -600 -599 -598 -412 -411 -410 -409 -408 -619 -611 -606 -601 501 384 385 386 387 388 389 $
-17 18 -19 20 237 238 -753 239 240 -241 242 243 244 245 265 266 267 268 -269 270 271 272 273 274 275 14 15 16 $
37 38 39 40 41 42 -43 44 45 -46 47 -48 49 50 52 53 54 -94 55 56 57 58 60 61 62 64 65 66 67 68 69 70 71 72 73 74 76 77 78 79 80 81 82 $
223 225 226 227 228 229 230 231 232 233 234 -493 -825 845 846 849 -851 853 $
171 172 -169 145 146 147 149 150 151 152 107 108 109 110 111 112 113 -294 114 161 -162 -163 164 165 166 167 168 $
-521 -701 -698 -692 395 -397 -396 398 399 400 401 402 403 404 405 406 407 880 881 882 883 885 886 887 888 889 -891 892 862 893 894 895 $
120 -173 177 178 -123 -193 -122 -192 -191 -189 -121 186 187 -911 174 -910 -908 -907 -905 -904 902 -903 -901 -900 181 -182 183 184 -185 -176 $
357 359 373 380 415 436 309 451 -554 315 318 324 327 329 332 338 339 353 $
-119 -118 -117 -116 -115 -159 -158 139 140 141 142 143 144 -351 -350 -349 -348 -347 -346 -345 -344 -343 -342 -341 -340 124 -352 356 326 125 126 $
-873 -872 -249 -871 870 -868 -867 -866 -865 716 -714 -713 -712 -711 -710 -709 -708 -707 -706 -705 -704 -703 -702 -879 -700 -699 -697 -696 -695 -694 -677 -661 -655 717 718 719 720 721 722 723 -878 724 725 726 727 -877 876 -875 -874 $
282 -291 290 -289 -288 -287 -286 -300 299 -281 -280 -279 -298 -297 -296 930 -295 931 932 933 934 935 -293 -522 -292 -458 -321 -247 -148 -106 -285 284 $
-762 -761 760 -759 -777 -573 -572 -571 570 -569 -796 $
-363 354 -362 355 -361 -360 -358 328 330 331 333 334 335 336 337 $
-420 -419 433 434 -435 -437 438 439 440 441 442 443 444 445 446 447 -430 448 449 450 452 453 454 455 456 457 459 460 -429 461 462 463 464 465 -428 -466 -467 -427 -426 -425 424 -423 -422 -421 $
774 -773 -772 -771 -770 -769 -768 767 -766 -765 -764 -763 579 798 799 800 801 802 803 804 805 806 807 808 809 810 -775 821 $
-576 580 581 578 -577 582 583 584 585 586 $
414 628 896 897 898 899 431 -432 179 -418 -417 758 757 -416 $
-413 594 595 596 597 -593 592 715 -308 307 $
-383 -382 -381 -378 -377 -376 -375 -374 -372 -371 379 370 591 $
317 319 320 322 304 323 325 -306 303 -302 301 316 $
197 198 200 201 202 203 204 205 206 207 208 209 210 211 212 -214 215 216 217 218 -219 220 221 222 195 196 $
-4 -3 -2 -959 -958 -957 -956 -955 -954 -952 -951 -950 -949 -948 -947 -946 -945 -944 -943 -942 -941 -940 -939 -938 -937 485 -484 -483 -482 -12 -549 -11 -10 -9 -502 -8 -7 495 496 497 498 499 -6 -500 494 -5 -828 -827 -844 -842 -841 -840 -839 -838 -837 -836 -835 -834 -833 -832 -831 -830 -829 -824 $
486 487 488 489 490 491 492 $
-778 587 588 589 590 -781 -780 -779 $
855 856 857 858 859 861 863 864 $
-788 -787 789 790 792 793 -794 795 -823 -822 782 783 -784 785 $
819 820 811 812 813 814 815 816 817 -818 -913 $
29 30 31 32 33 34 35 28 $
731 732 733 735 736 737 -738 739 729 730 $
751 752 754 755 180 740 741 743 744 745 746 747 748 749 -750 $
-36 -224 -199 1 -160 -155 $
310 311 312 313 -314 305 13 -27 -25 -24 -23 -22 -21 -929 -928 -927 -926 -925 953 -923 -922 -921 -920 -919 -263 -918 -917 -915 -914 $
-367 -366 -365 -364 526 527 528 -742 -734 -728 -369 884 -368 -525 -524 -523 $
-157 -156 -154 153 -520 -518 -519 -517 516 514 515 -513 -512 -511 510 -509 -508 -507 -506 -505 -504 127 128 129 -503 -936 -136 847 -924 -916 -912 -909 -906 -890 -135 -134 -869 -133 -854 -852 -850 -848 -843 -826 -132 -797 -791 -786 776 -756 -131 -130 137 138 $
87 -170 -75 -63 -59 -51 276 -860 -235 -190 -194 -188 -561 -560 -559 -558 -557 550 551 552 553 -175 555 213 $
248 246 470 471 472 473 474 475 476 477 283 478 479 480 468 481 469 $
-547 548 -539 540 -538 542 543 544 -546 -545 26 -537 -536 541 535 -534 -533 -532 -531 529 530 278 -277 $
669 670 671 672 673 674 675 676 678 679 680 682 -681 683 684 685 686 687 688 689 690 607 691 693 614 615 616 617 618 620 621 622 623 624 625 -626 627 629 630 631 632 633 634 608 635 636 637 638 639 609 -640 610 641 642 643 644 645 646 647 -648 649 -652 651 -650 653 -654 656 657 612 658 659 660 613 662 663 664 665 666 667 668 $
>rn3
331 -333 334 336 337 -485 -484 -483 -482 -549 502 495 496 -497 -498 -499 -500 494 354 -362 355 -361 -360 -358 -330 513 -515 -514 -516 517 519 518 520 -323 325 93 326 94 95 236 -308 307 316 -317 88 89 90 91 92 -319 320 322 97 98 99 100 101 -103 -102 104 105 -96 -2 -959 958 -957 -574 575 512 335 $
547 548 -510 -503 -25 -508 -506 509 -504 -505 -24 -23 -22 -511 294 283 528 527 -526 -529 530 531 532 533 534 -535 -541 537 536 538 -540 539 507 542 -543 544 -546 -545 $
-778 782 587 588 590 589 783 784 785 787 788 789 -790 -792 793 -794 -795 -781 -823 -822 -821 -779 -780 -820 593 592 715 382 -383 $
154 -156 157 -138 131 -137 130 -132 133 134 135 136 -129 127 128 -416 413 594 -595 -607 153 $
-562 -563 564 677 697 703 -695 661 -702 699 700 704 705 706 707 708 709 710 711 655 717 718 -694 -719 720 721 -213 -1 199 -194 -190 -188 -175 -170 -160 155 -87 696 75 -59 -63 -51 -36 276 -860 -712 235 -224 $
-501 -824 -853 851 848 852 -850 854 -849 -847 -846 -845 844 843 -842 -841 -840 838 -837 836 -835 -834 -833 -832 831 -830 829 -828 328 -827 825 -597 -596 120 121 122 123 124 125 $
456 455 457 -769 770 -459 460 478 479 468 -414 -312 -38 -37 477 628 -429 -428 -427 426 -425 424 -423 -421 -422 -419 433 -420 434 -435 -437 438 439 766 441 440 442 -443 444 -445 447 446 -448 767 -449 450 452 453 454 768 $
313 -314 -573 -891 862 893 -892 -894 895 897 -896 898 -899 900 901 902 903 904 905 907 908 -910 911 -187 -186 -189 191 192 -193 432 -431 -430 306 185 184 -183 -182 -181 -180 -179 -467 466 465 -304 -305 $
27 -262 261 -29 -30 -28 31 -32 -33 34 116 115 264 -117 118 119 290 296 291 285 286 288 -287 289 -300 -299 298 -297 279 -280 281 282 -284 $
-559 -560 691 561 -11 12 13 -14 15 16 -17 18 19 20 -21 557 555 -556 558 568 -566 -567 -565 -550 $
599 600 522 -521 878 879 -880 -881 -882 883 885 523 525 524 263 -295 -293 292 $
-202 -951 -950 -805 -804 -803 818 -817 816 813 -815 -814 -819 949 796 866 -948 -867 -868 947 870 871 872 249 873 -874 875 876 877 -418 -417 -945 806 808 807 -946 -944 810 811 809 812 -943 -889 888 -887 -942 -886 -941 -939 -940 -936 -924 916 938 -909 -912 -906 -890 -869 -863 -861 -859 -858 826 797 -786 791 -776 -756 -937 -934 933 935 -932 -931 -930 -929 -927 -928 -926 -925 953 -923 -921 -956 -922 -920 -919 -917 -918 -915 -914 -955 -954 -952 -913 -214 -212 -211 -210 -208 -209 -207 -206 -205 -204 -203 $
35 310 -311 84 85 86 -619 83 -82 -81 -80 79 -77 -78 -76 -72 -74 -73 $
-486 -723 577 578 275 579 -576 580 -581 -722 583 582 584 586 585 -724 -725 -726 727 278 729 -730 731 -732 733 735 737 736 -738 739 -352 356 -351 350 349 -348 347 -346 -343 -345 344 341 342 -340 -277 $
-554 839 140 777 759 760 761 -762 303 -302 -301 591 -370 -372 141 -371 142 143 -374 -375 376 377 378 381 144 145 147 146 -149 150 -151 152 107 -167 168 169 171 172 -111 173 174 -158 176 -178 177 113 112 -126 139 855 -856 857 -865 -864 -742 $
-239 240 241 -242 195 243 728 734 -701 -698 692 -201 196 458 -321 247 -148 -106 -26 197 -884 198 -220 -219 218 -216 -217 -215 -71 70 -69 -200 68 -67 -66 244 245 267 265 266 268 -269 270 272 271 273 274 250 251 252 -253 254 255 256 257 -258 259 -260 237 -238 $
480 -481 -110 -109 -108 -451 -436 415 -380 -373 359 357 338 339 353 -332 329 -327 -315 -324 -318 -309 -166 165 -164 -163 -162 -161 -159 469 248 246 470 -471 472 473 475 474 476 $
231 232 233 234 602 -604 603 -605 572 -598 -412 -411 -409 -410 -408 -407 -406 405 -367 -403 404 -402 -401 -400 399 -398 -397 -396 -395 -394 -392 -393 391 -390 386 -387 -389 -388 -385 384 221 222 223 -225 226 -571 -227 228 569 570 -229 230 $
801 -800 798 799 -763 775 -773 772 -771 -774 -363 -365 -366 -114 -369 368 -364 493 -491 -492 490 -489 -488 -487 -42 60 -61 62 64 65 -802 $
40 -5 6 7 9 8 10 379 -553 -552 -551 -764 58 -57 -56 -55 -54 -53 50 -52 -49 48 -47 46 -45 -44 -43 716 -714 -713 -606 601 611 461 462 463 464 740 741 743 744 -745 746 748 747 749 750 751 752 753 754 -755 -765 39 757 758 -3 4 -41 $
642 -643 644 645 660 646 647 648 649 650 651 652 653 654 668 671 -672 673 674 675 -676 679 -678 680 -682 -681 -683 684 685 686 -687 -688 689 690 -693 -629 -627 -626 -625 -624 -623 -622 -659 -658 -670 -657 -656 -667 -632 -631 -666 -609 610 613 612 -665 -663 -664 608 -621 -618 -617 -616 -615 620 662 -614 630 633 -669 634 -635 636 637 638 639 640 641 $
>galGal2
589 590 -629 -627 -626 -625 -624 -623 -622 -621 618 -617 -616 -615 620 139 -614 -613 -612 -610 -609 -608 -607 -485 -484 -483 -482 140 601 606 611 619 -467 466 -465 -464 -463 -462 -461 -460 -459 -457 -456 -455 -454 141 -453 -452 142 -450 -449 -447 -446 -445 -444 -448 -443 -442 -441 -440 -439 -438 437 435 -434 -433 419 420 421 422 423 -424 425 426 428 429 430 431 -432 -418 -417 143 -416 414 -367 -366 -365 -364 -363 354 -362 355 -361 -360 -172 371 171 -358 -328 -169 -168 -167 -166 -165 -164 -163 -162 -161 -159 144 145 384 385 386 387 388 389 146 390 147 631 391 392 393 394 395 -427 396 397 398 399 400 401 402 403 404 405 -34 374 -604 -603 -602 -600 -599 -598 -412 -411 -410 -409 -408 -407 -406 174 -173 -383 -382 -381 379 370 591 375 376 377 -378 605 795 794 -793 787 788 789 790 792 782 783 784 785 -781 -780 -779 -778 587 588 -158 $
494 -499 -498 -497 -496 -495 502 -486 -352 491 492 500 -493 -549 -490 -489 -488 -487 $
-13 -12 -11 -10 -9 -8 -7 -6 -5 $
523 524 525 -522 468 -521 -574 575 $
777 759 760 761 762 -632 -796 $
-24 -23 -22 -21 25 27 $
-516 519 518 503 -281 -40 -579 510 -630 504 505 506 507 508 509 -153 -528 -527 520 511 512 513 -515 -514 $
413 594 595 -593 592 715 -597 -596 $
-294 -35 $
278 -275 -277 -274 -273 -272 -271 -270 269 $
-526 531 532 533 543 544 -546 -545 547 548 $
-134 -133 -132 -131 -130 137 138 157 -534 127 128 129 529 530 -136 541 535 -135 $
553 -552 -551 -550 557 558 279 280 195 196 197 198 -300 -299 200 201 202 203 204 205 206 207 208 209 -298 -297 210 211 -212 214 -296 215 216 217 -295 218 219 220 221 222 223 -293 -292 -291 -226 -225 -234 -233 290 -232 -231 -230 -229 -228 -227 -289 -288 -287 -286 -285 284 -282 149 150 151 152 107 108 109 110 111 112 113 764 765 -120 766 767 768 769 770 771 772 773 -775 -763 774 -114 115 116 117 118 119 -126 176 121 122 123 -568 -33 -32 -31 -30 -29 28 178 -918 -917 -915 -914 -913 124 125 -567 -566 -565 -564 -563 -562 555 556 $
-581 580 582 583 584 585 586 -958 -576 $
-106 247 -26 -884 -148 $
-554 $
458 $
368 369 -628 $
1 213 936 -199 $
538 -539 540 542 $
-537 -536 $
-571 264 -573 572 $
-235 -224 39 -38 -37 -501 -415 -451 -436 860 -276 -578 -577 -105 -104 -103 -102 41 -101 343 -342 -341 -340 96 97 98 99 100 -93 -92 -91 -90 -89 -88 -86 -85 -84 -83 -82 -81 -80 -79 -78 -77 -76 -74 -73 -72 -71 -70 -69 -68 -67 -66 -65 -64 -62 -61 -60 -58 -57 -56 -55 -54 -53 -52 -50 -49 -48 -47 46 -45 -44 -43 -42 185 -184 -183 -182 -181 -180 -179 309 315 318 324 327 329 332 338 339 353 357 359 373 380 $
190 194 188 $
-683 681 682 -693 -634 635 636 637 -633 638 639 -657 -656 -676 -675 -674 -673 -672 -671 -670 -669 -668 -154 -667 -666 -665 -664 -663 -662 -691 -690 -689 -688 -687 886 887 888 889 -891 892 862 893 894 895 896 897 658 870 871 249 872 873 659 660 -874 875 876 877 878 241 -640 879 880 881 882 883 885 855 856 857 -907 678 679 -905 -904 -903 -902 -901 898 899 900 853 680 -654 -653 -652 -651 -650 -649 -851 -648 -868 -647 -646 -867 -866 -865 -864 -863 -645 -861 -644 -643 -859 -642 858 908 910 911 -187 -186 -849 -847 -846 -845 -844 -842 -841 -840 -839 -838 -837 -836 -835 -834 -833 -832 -830 -829 -828 -827 825 -641 -824 -686 -685 -684 $
561 $
-333 -331 346 347 348 349 350 351 469 248 246 470 283 471 472 473 474 475 480 -337 481 330 -479 -478 477 -476 -336 -335 -334 $
-312 -313 302 -303 305 304 316 -317 306 319 320 322 323 314 -311 -310 -307 308 $
747 748 749 -739 750 751 752 -735 -733 -741 -732 -740 -738 -731 -737 -730 -729 -736 -712 -711 -710 -709 -708 -707 -706 -705 -704 -703 -702 -700 -699 -697 -696 -695 -694 -677 -661 -798 -655 717 718 719 720 721 722 723 724 725 726 727 743 744 745 746 $
-890 924 -869 -854 -852 -850 -848 -843 -826 906 909 -797 -175 912 692 698 701 -170 728 -160 734 -155 742 756 776 786 791 916 -75 -63 -59 -51 266 87 $
803 804 805 -823 -822 -821 -820 714 -716 -818 -817 -816 -815 -814 -813 -812 -811 -810 -809 -802 -808 -807 -806 -156 -755 -754 -801 -800 -799 -758 -757 713 $
-831 -177 -262 345 -949 356 -263 929 301 -819 326 -372 517 -952 -570 -569 344 -560 -559 -36 -325 947 948 321 -193 -192 -191 -189 94 20 95 $
951 954 955 956 950 $
937 930 237 238 -240 -239 753 -261 3 4 -2 -959 -957 265 267 268 938 939 940 941 942 943 944 945 946 931 242 932 933 934 935 921 922 923 -953 925 926 927 928 $
-250 251 252 253 254 255 256 257 258 259 260 236 -243 244 245 -19 -18 17 16 -15 -14 919 920 $
>hg18
890 906 909 912 916 924 936 953 26 1 36 51 59 63 75 106 87 148 247 155 160 170 175 188 190 194 199 213 321 224 235 263 276 283 294 458 884 692 698 701 728 734 742 756 776 786 791 797 826 843 848 850 852 854 869 $
319 320 322 323 325 282 279 280 284 285 286 287 288 289 290 291 292 293 295 296 297 298 299 300 301 302 303 304 305 306 307 308 281 310 311 312 313 314 316 317 $
364 365 366 367 368 369 326 331 333 334 335 336 337 340 341 342 343 344 345 346 347 328 348 349 350 351 352 354 355 356 358 330 360 361 362 363 $
406 407 408 409 410 411 412 413 374 375 376 377 370 378 379 381 382 383 371 384 385 386 387 388 389 390 391 392 393 372 394 395 396 397 398 399 400 401 402 403 404 405 $
459 460 461 462 463 464 465 466 467 414 416 417 418 419 420 421 422 423 424 425 426 427 428 429 430 431 432 433 434 435 437 438 439 440 441 442 443 444 445 446 447 448 449 450 452 453 454 455 456 457 $
468 469 470 471 472 473 474 475 476 477 478 479 480 481 $
482 483 484 485 486 487 488 489 490 491 492 493 494 495 496 497 498 499 500 502 $
504 505 506 507 508 509 510 511 512 513 514 515 516 517 518 519 520 503 521 522 523 524 525 $
526 527 528 529 530 531 532 533 534 535 536 537 538 539 540 541 542 543 544 545 546 547 548 $
550 555 556 553 557 558 559 560 561 562 551 563 564 552 565 566 567 568 $
572 573 569 574 575 570 571 $
601 606 611 357 619 628 655 661 677 694 695 696 697 699 700 702 703 704 705 706 707 708 709 710 711 712 713 714 715 716 359 717 718 719 720 721 722 723 724 725 726 727 729 730 731 373 732 733 735 736 737 380 738 739 740 741 743 744 745 746 747 748 749 750 751 752 753 754 755 309 757 758 415 436 451 501 315 318 324 327 549 554 329 332 338 339 353 $
577 578 579 580 581 576 582 583 584 585 586 $
587 588 589 590 $
591 592 593 594 595 596 597 598 599 600 602 603 604 605 $
787 788 789 790 792 793 794 795 796 798 799 800 801 802 803 804 805 806 807 808 763 809 810 811 812 813 814 815 816 817 818 819 820 821 764 822 765 823 766 767 768 769 770 771 772 773 774 775 759 761 760 762 777 778 779 780 781 782 783 784 785 $
824 859 860 861 862 863 864 865 866 867 868 870 871 872 873 874 875 876 877 878 879 880 881 882 883 885 886 887 888 889 891 892 893 894 895 896 897 898 899 900 901 902 903 904 905 907 908 910 911 829 830 831 832 833 834 835 836 837 838 839 840 841 842 844 845 846 847 849 825 851 853 827 855 856 857 858 828 $
3 4 5 6 7 8 9 10 11 12 13 14 15 16 17 18 19 20 21 22 23 24 25 27 914 915 917 918 919 920 921 922 923 925 926 927 928 929 930 931 932 933 934 935 937 938 939 940 941 942 943 944 945 946 947 948 949 950 951 913 952 954 955 956 957 958 959 2 $
72 73 74 76 77 78 79 80 81 82 83 84 85 86 88 89 90 91 92 28 93 94 95 96 97 98 99 100 101 102 103 104 105 29 30 31 32 33 34 35 37 38 39 40 41 42 43 44 45 46 47 48 49 50 52 53 54 55 56 57 58 60 61 62 64 65 66 67 68 69 70 71 $
157 158 159 161 162 163 164 165 166 167 107 168 169 171 172 173 174 176 177 178 108 109 110 111 112 113 114 115 116 117 118 119 120 121 122 123 124 125 126 127 128 129 130 131 132 133 134 135 136 137 138 139 140 141 142 143 144 145 146 147 149 150 151 152 153 154 156 $
223 225 226 227 228 186 229 230 231 232 233 234 187 179 181 189 191 192 182 193 183 184 195 185 196 197 180 198 200 201 202 203 204 205 206 207 208 209 210 211 212 214 215 216 217 218 219 220 221 222 $
265 266 267 268 236 269 270 271 272 273 274 275 277 278 239 240 241 242 243 244 245 246 237 248 249 250 238 251 252 253 254 255 256 257 258 259 260 261 262 264 $
656 657 658 659 660 662 663 664 665 666 667 612 668 669 670 671 672 673 613 674 675 676 678 679 680 681 682 683 607 684 685 686 687 688 689 690 691 693 614 615 616 617 618 620 621 622 623 624 625 626 627 629 630 631 632 633 634 635 636 637 638 639 640 641 608 642 609 643 644 645 646 647 648 649 650 651 652 653 610 654 $
>monDom4
-320 -319 -308 494 -499 -498 -497 -496 -495 502 307 549 491 492 -490 468 487 488 489 -493 486 -472 -471 -470 -246 -248 -469 303 -302 478 -500 479 -301 -475 -474 -477 476 473 -481 -480 22 23 24 323 25 27 -21 -581 -580 -311 -275 -274 -273 -272 -271 -270 -310 269 -576 -575 574 521 522 277 278 -586 -585 -584 -583 -582 312 415 436 451 523 524 525 -357 -353 -339 -338 -332 -329 -327 -324 -318 -315 -309 179 180 181 182 183 313 184 -185 189 191 192 193 -314 -579 -578 -577 -501 305 304 -306 373 359 -380 -317 -316 -322 $
188 190 194 -199 1 213 224 235 -854 -852 -850 -848 -843 860 -276 -263 -36 -791 -786 -541 -776 -537 -536 538 -540 539 542 543 -548 -547 545 546 -756 -544 -742 526 35 37 38 154 156 283 294 39 40 41 42 43 44 45 -46 47 -734 -48 49 50 -728 52 53 54 55 56 57 58 60 61 62 64 65 66 67 68 69 70 71 72 73 74 76 77 78 79 80 81 82 83 84 85 86 826 88 89 90 91 92 93 94 95 96 97 98 99 100 101 102 103 104 105 869 890 906 909 912 916 924 936 535 -534 -533 -532 -531 -129 -128 -127 -136 -135 -134 -133 -132 -131 -130 137 138 529 530 157 -701 -698 -692 325 51 59 63 75 87 155 160 170 175 $
913 5 914 915 917 918 -214 -212 -211 -210 925 -209 -208 -207 -206 926 -205 -204 -203 -202 -201 -200 927 928 929 -198 -197 -196 -195 930 -956 -955 -954 -952 -951 -950 -949 -948 -947 -946 -945 -944 -943 -942 -941 -940 -939 -938 953 -923 -922 -921 -920 -919 -558 -557 550 551 552 553 555 556 931 562 3 563 564 565 932 566 567 568 933 934 935 -33 -32 -31 -30 -29 28 215 216 217 218 219 220 221 222 223 225 226 -262 227 228 229 230 231 232 233 234 -10 -9 -8 -7 4 571 -6 569 572 573 -570 413 937 596 597 957 593 592 715 594 595 958 959 2 -13 11 12 -261 -561 -560 -559 $
798 799 800 801 716 -714 -713 -712 -711 -710 -709 -708 -707 -706 -705 -704 -703 -702 -700 -699 -697 -696 -695 -590 -694 -677 -661 -589 -655 717 718 719 720 721 722 723 724 725 726 727 729 730 731 732 733 735 736 737 -738 739 -629 740 741 743 744 745 746 747 748 749 750 751 -627 -626 -367 -366 -365 -363 -625 -624 -623 368 369 -622 -621 -628 -414 618 -617 -616 416 -615 620 417 418 432 -431 -430 -429 -428 -427 -364 -358 328 -321 -148 -106 884 34 -614 354 -362 355 -361 -360 -458 -792 -790 -789 -788 -787 -588 587 793 -794 795 $
-864 -863 -897 -896 -861 -895 -894 -893 -862 -892 891 -889 -888 -887 -886 -885 -883 -882 -881 -880 -879 -878 -877 -876 -875 -874 -873 -872 -249 -871 -870 851 -187 -186 -849 -847 -846 -845 -844 -842 -841 -840 -839 -838 -837 -836 -835 -834 -833 -832 -831 -830 -829 853 -828 -827 825 -824 -554 -330 -858 331 333 334 335 336 337 340 341 342 343 344 345 346 347 348 349 350 351 356 352 -857 -856 -855 -868 859 -911 -867 -866 -910 -908 -907 -865 -905 -904 -903 -902 -901 -900 -899 -898 $
-511 510 -630 504 505 506 507 508 509 -260 -259 -258 -257 -256 -255 -254 -253 -252 -251 -250 -753 -26 503 777 759 760 761 762 -796 -126 -125 -124 -123 -122 -121 -120 -774 115 116 114 -264 239 240 241 242 -20 243 244 245 512 513 -515 -514 -516 517 519 518 -19 -18 153 -528 -527 17 -16 -15 -14 236 $
-457 -456 -455 -454 -453 662 -452 -450 446 447 448 782 449 435 -434 -433 419 420 421 422 423 -424 425 426 752 -445 783 -444 -443 -442 -441 -440 -784 -439 -438 437 816 817 785 -818 819 -808 -807 -806 -805 -804 -803 -802 778 -755 -754 -815 -814 -813 -810 -809 757 758 -821 -820 -812 -811 -613 -612 -610 -609 -608 -607 -485 -484 -483 -482 601 606 611 779 780 781 619 -467 466 -465 -464 -463 -462 -461 -460 -459 $
371 -374 379 370 591 281 -605 -147 -146 -145 -144 -143 -142 -141 -140 -139 158 385 159 161 162 163 164 165 166 386 387 388 167 168 169 171 172 372 173 174 176 177 178 279 280 -300 -299 -298 -297 -296 -295 -293 -292 -291 290 -289 -288 -287 -286 -285 284 -282 149 150 151 384 763 764 765 766 -389 767 768 769 770 771 772 773 -775 -390 -113 -112 -111 -110 -109 -108 107 391 392 393 394 395 396 397 398 399 400 401 402 -604 403 404 405 406 407 408 409 410 411 381 412 598 599 600 602 382 383 -378 -377 -376 -375 $
-326 603 247 -268 -267 -266 -265 -238 -237 520 641 636 637 638 639 640 671 672 673 674 675 676 -119 -118 -117 631 797 -635 -823 -822 -152 $
663 664 665 666 667 668 669 670 687 688 689 690 691 693 678 679 680 -682 -681 683 684 685 686 -654 -653 -652 -651 -650 -649 -648 -647 -646 -645 -644 -643 -642 -660 -659 -658 -657 -632 -656 -634 -633 $
