>mm8
400 3 4 -2 -1 6 7 8 -272 -269 258 -243 -211 226 227 321 143 290 -282 -278 -147 5 335 18 19 -24 -23 -22 21 -20 25 26 27 28 118 -119 $
-307 -306 -305 -304 -303 -302 -301 -164 -162 -161 -160 -166 158 -157 -156 -155 -154 153 -152 -165 159 448 -274 -273 415 417 -416 308 424 $
-382 381 385 386 387 -389 -388 390 391 392 -407 -406 131 358 129 375 374 183 -373 371 -379 -378 -377 -376 380 384 -383 184 $
339 340 -213 -178 -353 337 -334 -199 -204 -203 -202 -201 -200 -372 $
-113 -111 -110 -109 -108 -107 -106 -309 -182 -137 -136 134 135 246 -133 232 255 -254 -114 $
-332 333 -35 -34 -33 -338 140 275 276 311 -324 -310 325 44 -323 -322 -320 328 329 330 331 $
-102 -101 233 -105 -104 234 235 236 426 427 -103 $
359 360 361 -300 414 -413 69 70 71 -59 -58 -57 -55 -54 -53 -52 -51 -50 -49 -48 $
172 173 116 -115 130 411 167 -139 -142 -141 32 -447 120 122 -170 -168 171 -169 -121 $
396 -268 262 -263 123 125 126 127 264 265 399 260 395 261 -398 -397 -270 -402 -401 -393 $
271 277 279 280 281 $
-284 -283 -345 256 409 410 257 -408 -259 -9 -253 252 251 249 250 10 11 12 13 15 -16 17 -289 -288 -287 -286 -285 $
-146 -138 -132 128 -117 -112 229 -83 -68 -66 64 65 228 -319 -318 -317 -316 -91 90 -177 163 $
-30 -14 -434 -124 -230 247 248 242 244 -245 237 238 239 240 241 42 56 63 -231 $
96 100 -422 -421 -420 -419 -418 186 187 -190 -189 -188 -174 175 312 313 314 -315 -191 198 179 212 -197 -394 423 72 73 74 75 196 -195 76 77 78 79 80 81 -194 -193 82 -192 $
29 31 61 -295 412 -294 297 -296 176 298 299 205 206 207 208 209 210 180 185 -85 -84 -67 60 45 46 47 $
-362 364 363 -404 405 341 -343 -342 344 352 354 355 356 -357 351 -350 $
368 369 370 -267 -266 214 215 216 217 218 -219 220 326 -327 -223 -225 224 221 -99 -98 336 -97 -95 -94 -93 -92 222 403 425 -89 -88 -87 -86 365 366 367 $
-39 -38 -37 -36 -40 41 43 -181 -293 -292 348 349 346 -145 -144 148 149 150 151 -291 347 62 $
436 437 -429 -431 -430 439 440 441 442 443 444 445 446 -438 428 -433 -432 -435 $
>canFam2
-405 -404 -400 -399 -395 -164 -402 165 -401 166 167 168 169 170 171 172 157 158 159 160 161 -245 -244 242 -246 $
301 302 -427 -426 -425 -424 -448 -447 406 407 $
127 237 238 239 240 241 247 248 249 125 126 $
140 141 142 143 144 145 147 -162 148 149 150 151 152 153 154 155 156 173 $
234 235 236 -349 82 $
208 -207 192 193 194 195 196 197 176 178 179 180 181 182 201 -202 -203 204 205 206 $
-365 -30 -14 303 -304 305 306 307 308 87 88 89 90 91 92 93 94 95 $
210 212 213 -225 -224 -223 -183 221 -99 -98 -209 215 -216 217 218 -219 220 $
353 372 334 -163 177 -146 337 $
-200 -199 -198 191 -289 184 -288 -287 -286 -285 -284 185 $
-85 5 -4 -3 -86 -2 -1 6 7 8 9 10 $
-265 -264 263 -262 -261 -256 -270 -255 -254 109 -268 -267 110 111 113 -366 -266 -434 -260 259 -257 $
-31 -29 -47 -46 -45 -44 -43 -403 -60 -61 $
-291 283 $
-320 328 329 330 331 -326 -325 332 333 -324 335 336 -323 -322 $
40 -39 -38 -37 -36 -35 -34 -33 -32 410 62 -41 69 $
-409 -408 $
-314 -313 -312 -310 -311 97 -327 -319 -222 -318 -317 -316 28 27 -315 $
418 419 420 421 422 423 415 417 -416 413 -414 271 $
-300 -299 -298 297 -296 294 295 412 $
277 279 280 281 $
226 227 228 229 230 231 232 233 $
-119 -118 -116 -115 -114 343 -341 -342 344 -122 352 354 355 356 -121 -357 351 -350 347 348 -74 -73 -75 -81 -80 -79 -78 -77 -76 -72 -120 $
-345 -346 $
-48 -50 411 -49 $
84 $
-54 55 57 58 59 51 -71 -70 52 53 $
-102 64 65 66 68 -101 $
134 135 136 137 139 $
12 13 15 -16 17 18 11 $
25 26 19 214 20 21 22 -23 24 $
278 -258 269 $
273 274 275 276 123 -133 -131 -130 -129 -108 -107 -106 -105 -104 -309 -103 $
-292 373 -374 375 -67 -63 -56 -42 -293 -370 -369 -368 -367 $
-175 174 -363 -364 362 -361 -360 -359 186 187 -190 -358 -138 -132 -128 -117 -112 -100 -96 -83 -189 -188 $
-243 -211 321 -290 -282 -397 -396 393 394 -398 272 $
338 339 340 $
392 -381 382 385 386 387 -389 -388 390 391 124 383 -384 -380 376 377 378 379 -371 -253 -252 -251 -250 $
440 441 442 443 444 445 446 432 433 428 435 429 -436 437 430 438 439 431 $
>rn3
341 -343 -342 344 352 -354 -355 356 -357 351 -350 161 -362 364 363 162 164 271 -277 160 -279 280 281 165 166 167 168 169 -171 -170 172 173 -116 -115 -404 405 $
392 -358 -131 -130 -360 129 -361 375 374 -373 371 -377 376 -378 379 380 384 -383 -382 381 359 385 -386 387 -389 -390 388 391 $
-48 -51 -50 52 -53 54 55 -57 -49 -58 59 -71 -70 -69 413 -414 -300 $
-175 174 188 -189 190 -187 186 -315 418 419 421 -420 422 314 -313 312 $
-400 -3 4 2 -1 6 -7 8 -272 -269 258 -243 211 321 290 -282 -278 $
-407 406 -82 81 100 -80 -96 -78 77 -76 -75 -74 72 73 -423 183 184 $
-34 35 -44 311 -324 -310 325 -140 -275 338 -446 -322 -323 -320 -328 329 -330 -331 33 -332 333 $
276 -403 -222 92 94 -93 95 -97 -98 99 -221 -224 225 223 327 -326 -220 219 218 -217 -216 -215 -214 336 $
133 246 -134 -135 136 -137 182 309 -264 263 -262 268 265 260 261 -270 254 -255 256 257 -259 $
-396 123 -125 126 127 -399 -395 -398 -397 -402 401 -393 $
425 -366 368 -367 -365 -369 86 87 -88 89 -370 -267 266 $
68 -66 64 -65 114 -319 -317 -318 -316 -91 90 -177 163 -146 138 -132 128 117 -112 83 113 -111 110 -109 -108 -106 -107 -104 -105 -103 -102 -101 -229 -228 $
-416 -417 -415 139 -273 274 158 159 -448 157 -156 -155 -154 153 -152 411 $
-9 -409 249 410 -408 250 10 -253 252 -11 13 12 15 -16 17 289 288 -287 286 -285 251 284 -283 -345 $
60 45 79 -46 47 29 -31 61 -295 412 -294 297 -296 299 298 192 -193 -194 195 -196 197 176 -205 206 207 208 -179 -198 209 210 180 -185 -212 191 -85 -84 -67 $
-239 240 -241 42 56 63 -30 -14 434 -124 226 -231 -230 248 247 -227 242 244 -245 237 -238 $
339 -340 -213 -178 372 353 337 -334 -199 -204 -203 -202 -201 -200 $
-426 -427 -424 -308 -292 306 -307 -305 -304 -303 -302 301 232 233 -234 235 -236 $
62 -39 41 -38 37 -36 -40 43 -181 293 -291 348 349 346 -145 -144 148 -149 150 151 347 $
121 122 -394 143 -147 5 335 18 19 20 21 22 23 24 447 -25 26 -32 141 27 28 118 119 120 -142 $
439 436 440 -441 442 444 -443 445 -438 -437 -429 431 430 428 -433 432 -435 $
>galGal2
411 -433 -432 191 -431 -430 -429 -428 341 -343 -342 447 448 -336 -335 -333 -331 -332 -330 -329 -328 320 322 323 324 325 326 -327 -319 -318 -317 -316 -315 -314 -313 -312 -310 -311 -292 -291 -208 296 -207 -206 -205 -204 -203 -202 -201 -200 192 301 302 303 304 305 306 307 -426 -425 -424 -308 -300 294 295 412 -299 -298 427 297 58 54 55 57 51 52 53 177 -50 -199 -49 -48 -198 $
351 -350 -356 -355 -354 -352 357 -346 -349 -348 -347 344 $
-123 -122 -121 $
-369 -368 -367 370 -366 -365 -404 405 $
44 45 46 47 29 31 61 -60 $
-129 130 131 133 $
-362 364 363 358 -410 409 359 360 -174 175 -375 397 361 $
418 -414 419 420 421 422 416 413 -417 -415 -423 $
-139 $
-249 252 -251 -253 -250 $
380 386 387 -389 -388 390 391 392 $
-189 -188 -373 186 187 376 377 378 379 374 -190 -371 383 -384 $
-394 -393 255 -270 226 227 228 229 230 -268 231 -267 232 233 -266 -265 -264 263 -236 -262 -235 -234 -261 -260 259 -257 -256 193 194 195 196 197 176 178 179 180 32 33 34 35 36 37 38 39 -41 210 -43 40 -182 -181 -185 209 183 -402 212 -401 -137 -136 -135 -134 -102 -101 184 213 254 -400 395 $
-408 $
-124 $
434 $
293 $
269 272 146 -258 $
-381 382 385 $
-403 $
372 -143 -290 -282 -278 141 -407 -140 -406 -321 309 -173 -172 -171 -170 -169 142 -168 -283 165 166 167 -161 -160 -159 -158 -157 -156 -155 -154 -153 -152 -151 -150 -149 -148 -147 -145 -144 -220 219 -218 -217 -216 -215 -214 334 337 353 $
-442 435 -437 -441 -440 -446 -445 -444 -443 90 91 92 93 94 95 438 439 86 87 88 89 97 82 -436 -85 -84 98 99 -221 -81 -80 -79 -78 -77 -76 -75 -74 -73 -72 $
284 285 286 287 288 289 -345 339 340 338 $
-276 -275 -277 279 280 281 -274 -273 -271 $
-17 23 24 -16 -15 -13 -11 -12 -4 -3 59 -2 -1 6 -19 7 8 9 10 -18 20 21 22 $
-117 -112 -100 128 -96 -83 132 14 30 -243 42 56 63 67 163 138 -211 $
-70 -69 71 -5 -68 -66 -65 -64 -26 -25 -62 -28 -27 $
398 -399 223 -396 114 222 162 164 $
237 238 -240 -239 -246 109 118 119 120 -116 -115 224 225 247 248 110 111 241 113 104 105 106 107 108 $
-242 244 245 -127 -126 -125 103 $
>hg18
128 132 138 146 124 163 177 211 243 258 269 272 278 282 290 309 321 434 14 30 42 56 63 67 83 96 100 112 117 $
279 280 281 254 256 257 255 259 260 261 262 263 264 265 266 267 268 270 271 273 274 275 276 277 $
292 293 283 284 285 286 287 288 289 291 $
308 294 298 299 295 300 296 301 302 303 297 304 305 306 307 $
335 336 310 311 312 313 314 315 316 317 318 319 320 322 323 324 325 326 327 328 329 330 331 332 333 $
338 339 340 $
341 342 343 344 345 346 347 348 349 350 351 352 354 355 356 357 $
359 360 361 358 362 363 364 365 366 367 368 369 370 $
374 375 376 377 378 379 380 371 373 381 382 383 384 385 386 387 388 389 390 391 392 $
393 395 396 397 398 399 400 394 401 402 $
403 404 405 $
447 448 1 2 3 4 5 353 6 7 8 9 10 11 12 13 15 16 17 18 19 20 21 22 23 24 25 26 372 27 28 334 406 407 337 $
408 410 409 $
411 $
412 413 414 415 416 417 418 419 420 421 422 423 424 425 426 427 $
54 55 57 58 59 60 61 62 32 64 65 66 68 69 70 71 33 34 35 36 37 38 39 29 40 41 43 44 45 46 47 31 48 49 50 51 52 53 $
72 84 85 73 86 87 74 88 89 90 91 92 93 94 95 76 97 98 99 77 78 79 80 81 82 75 $
119 120 121 122 123 125 126 127 102 129 130 131 133 103 104 105 106 107 108 109 110 111 113 114 115 116 101 118 $
152 153 154 155 156 157 158 159 160 161 162 164 165 166 167 168 169 170 171 172 173 134 135 136 137 139 140 141 142 143 144 145 147 148 149 150 151 $
198 199 200 201 202 203 204 205 206 176 207 208 209 210 212 213 178 179 180 174 175 181 182 183 184 185 186 187 188 189 190 191 192 193 194 195 196 197 $
234 235 221 236 215 222 216 217 223 224 225 218 214 219 220 226 227 228 229 230 231 232 233 $
247 248 249 250 251 252 253 239 240 241 237 242 244 238 245 246 $
437 438 439 430 440 431 441 442 443 444 445 446 432 433 435 428 429 436 $
>monDom4
-280 -279 415 351 -350 -356 -355 -354 -352 271 -344 -346 -345 -349 -348 -347 339 -357 -338 -340 129 130 131 133 -250 -249 -274 -408 -405 404 365 366 -273 251 -252 253 275 370 -337 -334 214 215 216 217 276 218 -219 220 223 224 225 222 -410 -409 -407 -406 -369 -368 -367 372 353 -277 -281 $
-258 269 272 278 282 290 -321 -100 -96 -309 384 -383 -382 381 385 386 -392 -391 -390 388 389 -387 -67 -63 -30 139 140 141 142 143 144 145 147 -56 -42 148 149 150 151 152 153 154 155 156 157 158 159 83 160 161 162 164 165 166 167 168 169 170 171 172 173 112 117 128 132 138 146 -163 177 -380 376 377 -187 -186 -190 -189 -188 378 379 -371 374 211 -14 243 $
101 102 106 -229 -228 107 108 -227 -226 109 -114 -105 -104 -103 -399 118 393 394 110 111 395 400 401 402 113 -137 -136 -135 -134 230 231 232 233 234 235 236 -122 119 -121 403 418 -414 423 115 413 419 420 421 422 116 -123 120 -246 397 398 -396 $
62 5 -4 -3 -2 -1 6 7 8 9 10 11 12 13 15 -16 17 18 19 20 21 22 23 24 -292 293 -433 311 310 312 313 314 -432 315 316 317 318 319 327 -326 -325 -324 -291 -434 -57 -55 -54 411 58 59 -71 $
-84 -95 -94 -93 -92 -91 -90 -89 -88 -87 -86 -221 82 -81 -80 -79 -78 -77 -76 -75 -74 -73 -72 283 284 285 286 287 288 289 -99 -98 -85 -97 $
-361 359 360 -245 -244 -242 -124 358 44 45 46 47 29 31 61 -60 -185 -184 -183 -40 181 182 239 240 241 -362 364 363 -127 -174 175 -375 -126 -125 $
51 332 320 322 323 -331 52 53 -330 -329 -328 66 68 48 -26 -25 -65 -64 27 28 -69 -431 -430 49 -429 -428 341 -343 -342 447 448 50 -336 -335 -333 $
-297 296 294 295 412 -427 -192 -191 198 199 200 201 202 203 204 205 206 207 208 209 210 212 213 254 255 -270 -268 -267 -266 -265 -264 263 -262 -261 -260 259 -257 -256 193 194 195 196 197 43 32 33 34 35 36 37 38 39 -41 -180 -179 -178 176 301 302 303 304 305 306 307 -426 308 424 425 300 -299 -298 $
-373 417 -416 -248 -247 -238 -237 440 441 -435 -70 $
443 444 445 446 442 -436 -439 -438 -437 $
