>mm8
-196 -195 200 201 -58 -57 55 -56 -54 -53 -52 -50 -49 48 -47 46 -45 -44 -43 716 -714 -713 601 606 611 461 462 463 -750 -749 -748 -747 -746 -745 744 -743 -741 -740 751 752 753 754 755 757 758 3 -4 -703 706 -562 563 564 661 677 694 695 696 697 699 700 702 704 705 707 708 709 711 712 -655 717 718 719 720 721 -213 -1 199 -194 -190 -188 -175 -170 -160 -155 -87 -75 -63 -59 -51 -36 276 -860 235 -224 $
-99 -98 -97 -96 -95 -94 -93 92 -91 90 -89 -88 -83 -82 -81 -80 79 -78 -77 -76 -74 -73 -72 84 85 86 619 -311 -310 -572 -570 -569 571 407 408 409 410 411 412 598 -406 -405 -404 -403 -402 -401 -400 -399 -398 -397 -396 -395 -394 -393 -392 -391 -390 -389 -388 -387 -386 -385 384 $
120 121 122 123 124 125 -501 766 503 -24 23 -22 294 283 528 527 -526 -530 -529 531 532 533 534 -535 -541 536 537 538 -540 539 542 543 544 -546 -545 547 548 $
-380 -373 -359 -357 339 -338 353 -332 329 -327 -324 -318 -315 -309 -166 -165 -164 -163 -162 -161 -159 469 248 246 470 471 472 473 474 475 476 480 481 -110 -109 -108 $
-281 280 -279 -263 -119 -118 117 -116 -115 -34 -33 -32 -31 804 28 29 30 261 262 -27 -264 221 -956 -955 -954 -952 -951 -950 -949 -948 -947 -946 -945 -944 -943 -942 -941 -940 -939 -938 -937 -935 -934 -933 -932 -931 -930 -929 -928 -927 -926 -925 953 $
-770 -769 -768 -767 -477 37 312 313 -314 306 -304 -305 479 468 -414 628 -429 -428 -427 -426 -425 424 -423 -422 -421 -420 -419 433 434 -435 -437 -438 439 440 441 442 443 444 445 446 447 -448 -449 450 452 453 454 455 456 457 459 460 $
-923 -922 -921 -920 -919 -918 -917 -915 -914 -913 222 223 -225 226 227 228 229 230 231 232 233 234 602 603 604 605 $
504 505 506 507 508 509 -510 511 -383 -382 -715 -592 -593 820 821 822 823 -795 794 -793 792 -790 -789 -788 -787 -785 -784 -783 -782 -781 -780 -779 -778 587 588 589 590 $
-551 100 -102 -101 103 104 105 2 -959 958 -957 25 -35 -41 -40 -39 -38 -764 765 710 5 7 8 9 10 379 415 436 451 -6 553 $
-296 -290 291 285 286 287 288 289 -300 -299 -298 -297 -550 557 -558 559 560 561 -11 12 13 14 15 16 -17 18 -19 20 -21 555 556 -568 -567 -566 -565 $
236 -308 307 316 317 319 320 322 $
282 -284 -723 -722 478 278 -277 275 724 725 -726 727 729 730 731 732 733 735 736 737 -738 739 -352 356 -351 -350 -349 -348 -347 -346 -345 -344 -343 -342 -341 -340 486 577 578 579 -576 -580 581 582 583 584 585 586 $
202 203 -204 205 206 207 208 209 210 211 212 214 -805 -803 818 -817 -816 -815 813 814 819 796 866 867 -868 870 871 249 872 873 -874 875 876 877 -418 -417 806 807 808 809 810 811 812 -889 888 -887 -886 -936 -924 -916 -912 -909 -906 -890 -869 -863 -861 -859 -858 -826 -797 -791 -786 -776 -756 $
197 198 -220 -219 -218 -217 -216 -215 -71 -70 -69 68 -67 -66 244 245 265 266 267 268 -269 270 271 272 273 -274 250 -251 252 -253 254 255 -256 257 -258 259 -260 237 238 239 240 241 242 -243 728 734 -701 -698 692 -458 -321 -247 -148 -106 -26 -884 $
151 -150 -149 -147 -146 -145 -144 -143 -142 -141 -140 -139 158 111 178 -552 596 597 824 -825 827 828 829 830 831 832 833 -834 835 -836 837 838 839 840 841 842 844 845 846 847 849 -851 853 843 848 850 852 854 607 -595 -594 413 127 128 129 -136 -135 -134 -133 -132 -131 -130 137 138 -157 -156 153 154 -416 $
152 107 167 168 169 171 172 173 174 176 177 112 113 126 855 856 857 -865 -864 -742 -554 777 759 760 761 762 303 -302 -301 591 -370 -372 -371 374 -375 376 377 378 381 $
-610 -574 575 512 331 333 334 335 336 337 -485 -484 -483 -482 -549 -502 495 -496 497 498 499 -500 494 354 -362 355 -361 -360 -358 328 330 513 -515 -514 -516 517 519 518 520 323 325 326 $
464 465 -466 467 179 180 181 182 183 184 -185 430 431 -432 193 -192 -191 -189 186 187 -911 -910 -908 -907 -905 904 -903 -902 -901 -900 -899 -898 -897 -896 -895 -894 -893 -862 -892 891 573 599 600 -885 883 -882 -881 -880 -879 -878 521 522 523 524 525 -295 -293 -292 $
-367 -366 -365 -364 -363 -114 -369 -368 493 -492 -491 -490 -489 -487 -488 -42 60 61 62 64 65 -802 -801 -800 799 -798 763 -773 -772 -771 -774 775 $
622 -623 624 -625 626 627 629 660 -662 663 664 665 666 667 -668 669 670 671 672 673 674 675 676 678 679 680 -682 -681 683 684 685 686 687 688 689 690 691 693 -659 -608 -621 -618 -617 -616 -615 620 614 630 633 634 -635 636 637 638 639 640 641 642 643 644 645 646 647 648 649 650 651 652 653 654 656 657 658 -632 -631 -609 -613 -612 $
>canFam2
-95 -568 -567 -566 -565 -564 -563 -562 -556 96 97 98 99 100 101 102 103 104 105 83 84 85 86 88 89 90 91 92 93 -260 -259 -258 -257 -256 -255 -254 -253 -252 -251 250 236 -262 -261 -264 -575 -574 $
384 385 386 387 388 389 -390 391 392 393 394 -605 -604 -603 -602 -600 -599 -598 -412 -411 -410 -409 -408 -619 -611 -606 -601 501 $
14 15 16 -17 18 -19 20 237 238 -753 239 240 -241 242 243 244 245 265 266 267 268 -269 270 271 272 273 274 275 $
-94 37 38 39 40 41 42 -43 44 45 -46 47 -48 49 50 52 53 54 55 56 57 58 60 61 62 64 65 66 67 68 69 70 71 72 73 74 76 77 78 79 80 81 82 $
223 225 226 227 228 229 230 231 232 233 234 -493 -825 845 846 849 -851 853 $
-294 171 172 -169 145 146 147 149 150 151 152 107 108 109 110 111 112 113 114 161 -162 -163 164 165 166 167 168 $
-521 -701 -698 -692 395 -397 -396 398 399 400 401 402 403 404 405 406 407 880 881 882 883 885 886 887 888 889 -891 892 862 893 894 895 $
-123 -122 -121 174 -176 120 -173 177 178 -193 -192 -191 -189 186 187 -911 -910 -908 -907 -905 -904 902 -903 -901 -900 181 -182 183 184 -185 $
309 315 318 324 327 329 332 338 339 353 357 359 373 380 415 436 451 -554 $
124 125 126 -119 -118 -117 -116 -115 -159 -158 139 140 141 142 143 144 -351 -350 -349 -348 -347 -346 -345 -344 -343 -342 -341 -340 -352 356 326 $
-879 -878 -877 876 -875 -874 -873 -872 -249 -871 870 -868 -867 -866 -865 716 -714 -713 -712 -711 -710 -709 -708 -707 -706 -705 -704 -703 -702 -700 -699 -697 -696 -695 -694 -677 -661 -655 717 718 719 720 721 722 723 724 725 726 727 $
-300 299 -298 -297 -296 -295 -293 -292 -285 284 282 -291 290 -289 -288 -287 -286 -281 -280 -279 930 931 932 933 934 935 -522 -458 -321 -247 -148 -106 $
-796 -762 -761 760 -759 -777 -573 -572 -571 570 -569 $
-363 354 -362 355 -361 -360 -358 328 330 331 333 334 335 336 337 $
-430 -429 -428 -427 -426 -425 424 -423 -422 -421 -420 -419 433 434 -435 -437 438 439 440 441 442 443 444 445 446 447 448 449 450 452 453 454 455 456 457 459 460 461 462 463 464 465 -466 -467 $
579 -775 774 -773 -772 -771 -770 -769 -768 767 -766 -765 -764 -763 798 799 800 801 802 803 804 805 806 807 808 809 810 821 $
578 -577 -576 580 581 582 583 584 585 586 $
431 -432 -418 -417 -416 414 628 896 897 898 899 179 758 757 $
-413 594 595 596 597 -593 592 715 -308 307 $
-383 -382 -381 -378 -377 -376 -375 -374 -372 -371 379 370 591 $
304 -306 303 -302 301 316 317 319 320 322 323 325 $
195 196 197 198 200 201 202 203 204 205 206 207 208 209 210 211 212 -214 215 216 217 218 -219 220 221 222 $
-12 -11 -10 -9 -8 -7 -6 -5 -4 -3 -2 -959 -958 -957 -956 -955 -954 -952 -951 -950 -949 -948 -947 -946 -945 -944 -943 -942 -941 -940 -939 -938 -937 485 -484 -483 -482 -549 -502 495 496 497 498 499 -500 494 -828 -827 -844 -842 -841 -840 -839 -838 -837 -836 -835 -834 -833 -832 -831 -830 -829 -824 $
486 487 488 489 490 491 492 $
-781 -780 -779 -778 587 588 589 590 $
855 856 857 858 859 861 863 864 $
782 783 -784 785 -788 -787 789 790 792 793 -794 795 -823 -822 $
-913 819 820 811 812 813 814 815 816 817 -818 $
28 29 30 31 32 33 34 35 $
729 730 731 732 733 735 736 737 -738 739 $
740 741 743 744 745 746 747 748 749 -750 751 752 754 755 180 $
-199 1 -160 -155 -36 -224 $
-263 310 311 312 313 -314 305 13 -27 -25 -24 -23 -22 -21 -929 -928 -927 -926 -925 953 -923 -922 -921 -920 -919 -918 -917 -915 -914 $
-369 -368 -367 -366 -365 -364 526 527 528 -742 -734 -728 884 -525 -524 -523 $
127 128 129 -136 -135 -134 -133 -132 -131 -130 137 138 -157 -156 -154 153 -520 -518 -519 -517 516 514 515 -513 -512 -511 510 -509 -508 -507 -506 -505 -504 -503 -936 847 -924 -916 -912 -909 -906 -890 -869 -854 -852 -850 -848 -843 -826 -797 -791 -786 776 -756 $
-190 -194 -188 -175 213 87 -170 -75 -63 -59 -51 276 -860 -235 -561 -560 -559 -558 -557 550 551 552 553 555 $
283 468 469 248 246 470 471 472 473 474 475 476 477 478 479 480 481 $
-547 548 -539 540 -538 542 543 544 -546 -545 26 -537 -536 541 535 -534 -533 -532 -531 529 530 278 -277 $
607 608 609 610 612 613 614 615 616 617 618 620 621 622 623 624 625 -626 627 629 630 631 632 633 634 635 636 637 638 639 -640 641 642 643 644 645 646 647 -648 649 -652 651 -650 653 -654 656 657 658 659 660 662 663 664 665 666 667 668 669 670 671 672 673 674 675 676 678 679 680 682 -681 683 684 685 686 687 688 689 690 691 693 $
>rn3
-96 93 94 95 88 89 90 91 92 97 98 99 100 101 -103 -102 104 105 -2 -959 958 -957 -574 575 512 335 331 -333 334 336 337 -485 -484 -483 -482 -549 502 495 496 -497 -498 -499 -500 494 354 -362 355 -361 -360 -358 -330 513 -515 -514 -516 517 519 518 520 -323 325 326 236 -308 307 316 -317 -319 320 322 $
509 -511 507 -510 -508 -506 -504 -505 -503 -25 -24 -23 -22 294 283 528 527 -526 -529 530 531 532 533 534 -535 -541 537 536 538 -540 539 542 -543 544 -546 -545 547 548 $
782 -781 -779 -780 -778 587 588 590 589 783 784 785 787 788 789 -790 -792 793 -794 -795 -823 -822 -821 -820 593 592 715 382 -383 $
-416 153 154 -156 157 -138 131 -137 130 -132 133 134 135 136 -129 127 128 413 594 -595 -607 $
703 -702 -694 696 -712 -562 -563 564 677 697 -695 661 699 700 704 705 706 707 708 709 710 711 655 717 718 -719 720 721 -213 -1 199 -194 -190 -188 -175 -170 -160 155 -87 75 -59 -63 -51 -36 276 -860 235 -224 $
-824 848 852 -850 854 843 -853 851 -849 -847 -846 -845 844 -842 -841 -840 838 -837 836 -835 -834 -833 -832 831 -830 829 -828 328 -827 825 -597 -596 120 121 122 123 124 125 -501 $
-312 -38 -37 477 766 767 768 -769 770 478 479 468 -414 628 -429 -428 -427 426 -425 424 -423 -421 -422 -419 433 -420 434 -435 -437 438 439 441 440 442 -443 444 -445 447 446 -448 -449 450 452 453 454 456 455 457 -459 460 $
313 -314 306 -304 -305 -573 -891 862 893 -892 -894 895 897 -896 898 -899 900 901 902 903 904 905 907 908 -910 911 -187 -186 -189 191 192 -193 432 -431 -430 185 184 -183 -182 -181 -180 -179 -467 466 465 $
264 27 -262 261 -29 -30 -28 31 -32 -33 34 116 115 -117 118 119 290 296 291 285 286 288 -287 289 -300 -299 298 -297 279 -280 281 282 -284 $
691 -550 557 558 -559 -560 561 -11 12 13 -14 15 16 -17 18 19 20 -21 555 -556 568 -566 -567 -565 $
599 600 522 -521 878 879 -880 -881 -882 883 885 523 525 524 263 -295 -293 292 $
-956 -955 -954 -952 -951 -950 949 -948 947 -945 -946 -944 -943 -942 -941 -939 -940 938 -937 -934 933 935 -932 -931 -930 -929 -927 -928 -926 -925 953 -923 -921 -922 -920 -919 -917 -918 -915 -914 -913 -214 -212 -211 -210 -208 -209 -207 -206 -205 -204 -203 -202 -805 -804 -803 818 -817 816 813 -815 -814 -819 796 866 -867 -868 870 871 872 249 873 -874 875 876 877 -418 -417 806 808 807 810 811 809 812 -889 888 -887 -886 -936 -924 916 -909 -912 -906 -890 -869 -863 -861 -859 -858 826 797 -786 791 -776 -756 $
35 310 -311 84 85 86 -619 83 -82 -81 -80 79 -77 -78 -76 -72 -74 -73 $
-723 -722 278 -277 275 -724 -725 -726 727 729 -730 731 -732 733 735 737 736 -738 739 -352 356 -351 350 349 -348 347 -346 -343 -345 344 341 342 -340 -486 577 578 579 -576 580 -581 583 582 584 586 585 $
-178 -111 -158 139 839 140 141 142 143 144 145 147 146 -149 150 -151 152 107 -167 168 169 171 172 173 174 176 177 113 112 -126 855 -856 857 -865 -864 -742 -554 777 759 760 761 -762 303 -302 -301 591 -370 -372 -371 -374 -375 376 377 378 381 $
-201 -200 195 196 197 198 -220 -219 218 -216 -217 -215 -71 70 -69 68 -67 -66 244 245 267 265 266 268 -269 270 272 271 273 274 250 251 252 -253 254 255 256 257 -258 259 -260 237 -238 -239 240 241 -242 243 728 734 -701 -698 692 458 -321 247 -148 -106 -26 -884 $
-451 -436 415 -380 -373 359 357 338 339 353 -332 329 -327 -315 -324 -318 -309 -166 165 -164 -163 -162 -161 -159 469 248 246 470 -471 472 473 475 474 476 480 -481 -110 -109 -108 $
-367 -571 569 570 572 -598 -412 -411 -409 -410 -408 -407 -406 405 -403 404 -402 -401 -400 399 -398 -397 -396 -395 -394 -392 -393 391 -390 386 -387 -389 -388 -385 384 221 222 223 -225 226 -227 228 -229 230 231 232 233 234 602 -604 603 -605 $
-366 -365 -364 -363 -114 -369 368 493 -491 -492 490 -489 -488 -487 -42 60 -61 62 64 65 -802 801 -800 798 799 -763 775 -773 772 -771 -774 $
-765 -764 39 -41 40 58 -57 -56 -55 -54 -53 50 -52 -49 48 -47 46 -45 -44 -43 716 -714 -713 -606 601 611 461 462 463 464 740 741 743 744 -745 746 748 747 749 750 751 752 753 754 -755 757 758 -3 4 -5 6 7 9 8 10 379 -553 -552 -551 $
-670 -669 668 -667 -666 -665 -663 -664 662 660 -629 -627 -626 -625 -624 -623 -622 -659 -658 -657 -656 -632 -631 -609 610 613 612 608 -621 -618 -617 -616 -615 620 -614 630 633 634 -635 636 637 638 639 640 641 642 -643 644 645 646 647 648 649 650 651 652 653 654 671 -672 673 674 675 -676 679 -678 680 -682 -681 -683 684 685 686 -687 -688 689 690 -693 $
>galGal2
631 143 144 145 146 147 -158 139 140 141 142 -172 171 -169 -168 -167 -166 -165 -164 -163 -162 -161 -159 384 385 386 387 388 389 390 391 392 393 394 395 -427 396 397 398 399 400 401 402 403 404 405 -34 374 -604 -603 -602 -600 -599 -598 -412 -411 -410 -409 -408 -407 -406 174 -173 -383 -382 -381 379 370 591 375 376 377 -378 605 795 794 -793 787 788 789 790 792 782 783 784 785 -781 -780 -779 -778 587 588 589 590 -629 -627 -626 -625 -624 -623 -622 -621 618 -617 -616 -615 620 -614 -613 -612 -610 -609 -608 -607 -485 -484 -483 -482 601 606 611 619 -467 466 -465 -464 -463 -462 -461 -460 -459 -457 -456 -455 -454 -453 -452 -450 -449 -447 -446 -445 -444 -448 -443 -442 -441 -440 -439 -438 437 435 -434 -433 419 420 421 422 423 -424 425 426 428 429 430 431 -432 -418 -417 -416 414 -367 -366 -365 -364 -363 354 -362 355 -361 -360 371 -358 -328 $
-486 -352 -493 -549 -490 -489 -488 -487 494 -499 -498 -497 -496 -495 502 491 492 500 $
-13 -12 -11 -10 -9 -8 -7 -6 -5 $
-522 468 -521 -574 575 523 524 525 $
-632 -796 777 759 760 761 762 $
-21 25 27 -24 -23 -22 $
510 -630 504 505 506 507 508 509 -153 -528 -527 520 511 512 513 -515 -514 -516 519 518 503 -281 -40 -579 $
413 594 595 -593 592 715 -597 -596 $
-294 -35 $
-275 -277 -274 -273 -272 -271 -270 269 278 $
-526 531 532 533 543 544 -546 -545 547 548 $
-136 -135 -134 -133 -132 -131 -130 137 138 157 -534 127 128 129 529 530 541 535 $
-120 774 178 279 280 -300 -299 -298 -297 -296 -295 -293 -292 -291 290 -289 -288 -287 -286 -285 284 -282 149 150 151 152 107 108 109 110 111 112 113 764 765 766 767 768 769 770 771 772 773 -775 -763 -114 115 116 117 118 119 -126 176 121 122 123 -568 -33 -32 -31 -30 -29 28 -918 -917 -915 -914 -913 124 125 -567 -566 -565 -564 -563 -562 555 556 553 -552 -551 -550 557 558 195 196 197 198 200 201 202 203 204 205 206 207 208 209 210 211 -212 214 215 216 217 218 219 220 221 222 223 -226 -225 -234 -233 -232 -231 -230 -229 -228 -227 $
-581 580 582 583 584 585 586 -958 -576 $
-148 -106 -884 247 -26 $
-554 $
458 $
368 369 -628 $
-199 1 213 936 $
538 542 -539 540 $
-537 -536 $
572 -571 264 -573 $
-501 -578 -577 41 -235 -224 39 -38 -37 -415 -451 -436 860 -276 -105 -104 -103 -102 -101 343 -342 -341 -340 96 97 98 99 100 -93 -92 -91 -90 -89 -88 -86 -85 -84 -83 -82 -81 -80 -79 -78 -77 -76 -74 -73 -72 -71 -70 -69 -68 -67 -66 -65 -64 -62 -61 -60 -58 -57 -56 -55 -54 -53 -52 -50 -49 -48 -47 46 -45 -44 -43 -42 185 -184 -183 -182 -181 -180 -179 309 315 318 324 327 329 332 338 339 353 357 359 373 380 $
190 194 188 $
-640 -634 -633 658 659 660 241 678 679 680 -654 -653 -652 -651 -650 -649 -648 -647 -646 -645 -644 -643 -642 -641 -686 -685 -684 -683 681 682 -693 635 636 637 638 639 -657 -656 -676 -675 -674 -673 -672 -671 -670 -669 -668 -154 -667 -666 -665 -664 -663 -662 -691 -690 -689 -688 -687 886 887 888 889 -891 892 862 893 894 895 896 897 870 871 249 872 873 -874 875 876 877 878 879 880 881 882 883 885 855 856 857 -907 -905 -904 -903 -902 -901 898 899 900 853 -851 -868 -867 -866 -865 -864 -863 -861 -859 858 908 910 911 -187 -186 -849 -847 -846 -845 -844 -842 -841 -840 -839 -838 -837 -836 -835 -834 -833 -832 -830 -829 -828 -827 825 -824 $
561 $
-337 -336 -335 -334 -333 -331 283 330 346 347 348 349 350 351 469 248 246 470 471 472 473 474 475 480 481 -479 -478 477 -476 $
306 314 -311 -310 -307 308 -312 -313 302 -303 305 304 316 -317 319 320 322 323 $
-741 -740 -739 -738 -737 -736 743 744 745 746 747 748 749 750 751 752 -735 -733 -732 -731 -730 -729 -712 -711 -710 -709 -708 -707 -706 -705 -704 -703 -702 -700 -699 -697 -696 -695 -694 -677 -661 -798 -655 717 718 719 720 721 722 723 724 725 726 727 $
906 909 912 916 924 -175 -170 -160 -155 -75 -63 -59 -51 266 87 -890 -869 -854 -852 -850 -848 -843 -826 -797 692 698 701 728 734 742 756 776 786 791 $
-156 713 714 -716 -802 -755 -754 -801 -800 -799 -758 -757 803 804 805 -823 -822 -821 -820 -818 -817 -816 -815 -814 -813 -812 -811 -810 -809 -808 -807 -806 $
20 -372 -560 -559 -36 947 948 -193 -192 -191 -189 94 95 -819 326 517 -952 -570 -569 344 -325 321 -831 -177 -262 345 -949 356 -263 929 301 $
950 951 954 955 956 $
930 931 932 933 934 935 921 922 923 -953 925 926 927 928 937 237 238 -240 -239 753 -261 3 4 -2 -959 -957 265 267 268 938 939 940 941 942 943 944 945 946 242 $
236 -243 244 245 -19 -18 17 16 -15 -14 919 920 -250 251 252 253 254 255 256 257 258 259 260 $
>hg18
884 26 106 148 247 321 458 692 698 701 728 734 742 756 776 786 791 797 826 843 848 850 852 854 869 890 906 909 912 916 924 936 953 1 36 51 59 63 75 87 155 160 170 175 188 190 194 199 213 224 235 263 276 283 294 $
279 280 281 282 284 285 286 287 288 289 290 291 292 293 295 296 297 298 299 300 301 302 303 304 305 306 307 308 310 311 312 313 314 316 317 319 320 322 323 325 $
326 328 330 331 333 334 335 336 337 340 341 342 343 344 345 346 347 348 349 350 351 352 354 355 356 358 360 361 362 363 364 365 366 367 368 369 $
370 371 372 374 375 376 377 378 379 381 382 383 384 385 386 387 388 389 390 391 392 393 394 395 396 397 398 399 400 401 402 403 404 405 406 407 408 409 410 411 412 413 $
414 416 417 418 419 420 421 422 423 424 425 426 427 428 429 430 431 432 433 434 435 437 438 439 440 441 442 443 444 445 446 447 448 449 450 452 453 454 455 456 457 459 460 461 462 463 464 465 466 467 $
468 469 470 471 472 473 474 475 476 477 478 479 480 481 $
482 483 484 485 486 487 488 489 490 491 492 493 494 495 496 497 498 499 500 502 $
503 504 505 506 507 508 509 510 511 512 513 514 515 516 517 518 519 520 521 522 523 524 525 $
526 527 528 529 530 531 532 533 534 535 536 537 538 539 540 541 542 543 544 545 546 547 548 $
550 551 552 553 555 556 557 558 559 560 561 562 563 564 565 566 567 568 $
569 570 571 572 573 574 575 $
309 315 318 324 327 329 332 338 339 353 357 359 373 380 415 436 451 501 549 554 601 606 611 619 628 655 661 677 694 695 696 697 699 700 702 703 704 705 706 707 708 709 710 711 712 713 714 715 716 717 718 719 720 721 722 723 724 725 726 727 729 730 731 732 733 735 736 737 738 739 740 741 743 744 745 746 747 748 749 750 751 752 753 754 755 757 758 $
576 577 578 579 580 581 582 583 584 585 586 $
587 588 589 590 $
591 592 593 594 595 596 597 598 599 600 602 603 604 605 $
759 760 761 762 763 764 765 766 767 768 769 770 771 772 773 774 775 777 778 779 780 781 782 783 784 785 787 788 789 790 792 793 794 795 796 798 799 800 801 802 803 804 805 806 807 808 809 810 811 812 813 814 815 816 817 818 819 820 821 822 823 $
824 825 827 828 829 830 831 832 833 834 835 836 837 838 839 840 841 842 844 845 846 847 849 851 853 855 856 857 858 859 860 861 862 863 864 865 866 867 868 870 871 872 873 874 875 876 877 878 879 880 881 882 883 885 886 887 888 889 891 892 893 894 895 896 897 898 899 900 901 902 903 904 905 907 908 910 911 $
913 914 915 917 918 919 920 921 922 923 925 926 927 928 929 930 931 932 933 934 935 937 938 939 940 941 942 943 944 945 946 947 948 949 950 951 952 954 955 956 957 958 959 2 3 4 5 6 7 8 9 10 11 12 13 14 15 16 17 18 19 20 21 22 23 24 25 27 $
28 29 30 31 32 33 34 35 37 38 39 40 41 42 43 44 45 46 47 48 49 50 52 53 54 55 56 57 58 60 61 62 64 65 66 67 68 69 70 71 72 73 74 76 77 78 79 80 81 82 83 84 85 86 88 89 90 91 92 93 94 95 96 97 98 99 100 101 102 103 104 105 $
107 108 109 110 111 112 113 114 115 116 117 118 119 120 121 122 123 124 125 126 127 128 129 130 131 132 133 134 135 136 137 138 139 140 141 142 143 144 145 146 147 149 150 151 152 153 154 156 157 158 159 161 162 163 164 165 166 167 168 169 171 172 173 174 176 177 178 $
179 180 181 182 183 184 185 186 187 189 191 192 193 195 196 197 198 200 201 202 203 204 205 206 207 208 209 210 211 212 214 215 216 217 218 219 220 221 222 223 225 226 227 228 229 230 231 232 233 234 $
236 237 238 239 240 241 242 243 244 245 246 248 249 250 251 252 253 254 255 256 257 258 259 260 261 262 264 265 266 267 268 269 270 271 272 273 274 275 277 278 $
607 608 609 610 612 613 614 615 616 617 618 620 621 622 623 624 625 626 627 629 630 631 632 633 634 635 636 637 638 639 640 641 642 643 644 645 646 647 648 649 650 651 652 653 654 656 657 658 659 660 662 663 664 665 666 667 668 669 670 671 672 673 674 675 676 678 679 680 681 682 683 684 685 686 687 688 689 690 691 693 $
>monDom4
323 -308 307 -493 303 -302 -500 -301 -311 -310 312 313 -314 305 304 -306 -317 -316 -322 -320 -319 494 -499 -498 -497 -496 -495 502 549 491 492 -490 468 487 488 489 486 -472 -471 -470 -246 -248 -469 478 479 -475 -474 -477 476 473 -481 -480 22 23 24 25 27 -21 -581 -580 -275 -274 -273 -272 -271 -270 269 -576 -575 574 521 522 277 278 -586 -585 -584 -583 -582 415 436 451 523 524 525 -357 -353 -339 -338 -332 -329 -327 -324 -318 -315 -309 179 180 181 182 183 184 -185 189 191 192 193 -579 -578 -577 -501 373 359 -380 $
-701 -698 -692 325 -854 -852 -850 -848 -843 -791 -786 -776 -756 -742 -734 -728 826 51 59 63 75 87 155 160 170 175 188 190 194 -199 1 213 224 235 860 -276 -263 -36 -541 -537 -536 538 -540 539 542 543 -548 -547 545 546 -544 526 35 37 38 154 156 283 294 39 40 41 42 43 44 45 -46 47 -48 49 50 52 53 54 55 56 57 58 60 61 62 64 65 66 67 68 69 70 71 72 73 74 76 77 78 79 80 81 82 83 84 85 86 88 89 90 91 92 93 94 95 96 97 98 99 100 101 102 103 104 105 869 890 906 909 912 916 924 936 535 -534 -533 -532 -531 -129 -128 -127 -136 -135 -134 -133 -132 -131 -130 137 138 529 530 157 $
-262 -261 3 4 5 925 926 927 928 929 930 931 932 933 934 935 -10 -9 -8 -7 -6 937 957 958 959 2 -13 11 12 -561 -560 -559 913 914 915 917 918 -214 -212 -211 -210 -209 -208 -207 -206 -205 -204 -203 -202 -201 -200 -198 -197 -196 -195 -956 -955 -954 -952 -951 -950 -949 -948 -947 -946 -945 -944 -943 -942 -941 -940 -939 -938 953 -923 -922 -921 -920 -919 -558 -557 550 551 552 553 555 556 562 563 564 565 566 567 568 -33 -32 -31 -30 -29 28 215 216 217 218 219 220 221 222 223 225 226 227 228 229 230 231 232 233 234 571 569 572 573 -570 413 596 597 593 592 715 594 595 $
587 -588 -590 -589 -629 -627 -626 -625 -624 -623 -622 -621 618 -617 -616 -615 620 -614 -792 -790 -789 -788 -787 793 -794 795 798 799 800 801 716 -714 -713 -712 -711 -710 -709 -708 -707 -706 -705 -704 -703 -702 -700 -699 -697 -696 -695 -694 -677 -661 -655 717 718 719 720 721 722 723 724 725 726 727 729 730 731 732 733 735 736 737 -738 739 740 741 743 744 745 746 747 748 749 750 751 -367 -366 -365 -363 368 369 -628 -414 416 417 418 432 -431 -430 -429 -428 -427 -364 -358 328 -321 -148 -106 884 34 354 -362 355 -361 -360 -458 $
-868 -867 -866 -865 -864 -863 -861 -187 -186 853 -858 -857 -856 -855 859 -911 -910 -908 -907 -905 -904 -903 -902 -901 -900 -899 -898 -897 -896 -895 -894 -893 -862 -892 891 -889 -888 -887 -886 -885 -883 -882 -881 -880 -879 -878 -877 -876 -875 -874 -873 -872 -249 -871 -870 851 -849 -847 -846 -845 -844 -842 -841 -840 -839 -838 -837 -836 -835 -834 -833 -832 -831 -830 -829 -828 -827 825 -824 -554 -330 331 333 334 335 336 337 340 341 342 343 344 345 346 347 348 349 350 351 356 352 $
-20 -19 -18 17 -16 -15 -14 -753 -264 239 240 241 242 243 244 245 512 513 -515 -514 -516 517 519 518 153 -528 -527 236 -511 510 -630 504 505 506 507 508 509 -260 -259 -258 -257 -256 -255 -254 -253 -252 -251 -250 -26 503 777 759 760 761 762 -796 -126 -125 -124 -123 -122 -121 -120 -774 115 116 114 $
662 778 779 780 781 782 783 -784 785 -613 -612 -610 -609 -608 -607 -485 -484 -483 -482 601 606 611 619 -467 466 -465 -464 -463 -462 -461 -460 -459 -457 -456 -455 -454 -453 -452 -450 446 447 448 449 435 -434 -433 419 420 421 422 423 -424 425 426 752 -445 -444 -443 -442 -441 -440 -439 -438 437 816 817 -818 819 -808 -807 -806 -805 -804 -803 -802 -755 -754 -815 -814 -813 -810 -809 757 758 -821 -820 -812 -811 $
381 382 383 -605 385 386 387 388 372 384 -389 -390 391 392 393 394 395 396 397 398 399 400 401 402 -604 403 404 405 406 407 408 409 410 411 412 598 599 600 602 -378 -377 -376 -375 371 -374 379 370 591 281 -147 -146 -145 -144 -143 -142 -141 -140 -139 158 159 161 162 163 164 165 166 167 168 169 171 172 173 174 176 177 178 279 280 -300 -299 -298 -297 -296 -295 -293 -292 -291 290 -289 -288 -287 -286 -285 284 -282 149 150 151 763 764 765 766 767 768 769 770 771 772 773 -775 -113 -112 -111 -110 -109 -108 107 $
-268 -267 -266 -265 -238 -237 520 641 636 637 638 639 640 671 672 673 674 675 676 -119 -118 -117 631 797 -635 -823 -822 -152 -326 603 247 $
-656 -634 -633 663 664 665 666 667 668 669 670 687 688 689 690 691 693 678 679 680 -682 -681 683 684 685 686 -654 -653 -652 -651 -650 -649 -648 -647 -646 -645 -644 -643 -642 -660 -659 -658 -657 -632 $
