>mm8
82 83 156 157 158 159 -155 -154 161 162 163 -523 -520 514 -507 -503 -494 -488 -484 -479 452 -446 -441 -434 -427 -419 -418 453 454 578 548 -542 -540 -355 -354 -352 -351 -350 160 174 175 -182 -181 -180 -179 -178 -177 176 183 184 186 187 318 319 -320 $
-561 -560 -559 -558 -557 -556 -555 -378 -377 -376 -380 374 -373 -372 -371 -369 368 -367 -379 -366 -365 -364 -363 -362 -361 375 153 -508 102 104 -103 -87 -86 563 564 565 566 112 -562 $
60 61 -63 62 64 68 69 70 -71 72 73 -118 -113 -105 336 26 334 54 52 398 399 50 -58 -57 -56 -55 59 67 -66 400 $
1 -65 -436 -392 -391 -53 -51 29 -25 37 -16 9 -599 -421 -426 -425 -424 -423 -422 596 597 598 -80 $
-309 -308 -307 -306 -305 -304 -303 -302 -397 -341 -340 338 339 480 481 -337 465 490 -489 -314 -313 -312 -311 $
-591 592 593 -193 -192 -191 -190 -600 343 509 504 568 -583 -567 202 -582 -581 -580 -579 -577 -576 586 587 588 589 590 $
-296 -301 466 -300 -299 467 468 469 114 115 -297 $
27 28 30 31 -32 33 -554 -553 101 -100 242 243 244 245 -229 228 -227 -226 -225 -224 -223 -221 -220 -219 -218 -217 -216 -215 -214 -213 -212 -211 -210 -209 -207 96 97 $
-383 386 387 317 -316 335 98 381 -346 -345 -344 -152 321 322 324 -382 385 -384 -323 76 $
78 79 -501 496 -497 326 327 328 -329 331 -333 498 81 493 77 495 -502 -85 -84 -74 $
-506 505 510 511 512 513 515 516 517 518 519 $
-533 -532 -531 -530 -529 -528 491 5 93 94 -92 95 -492 -164 487 486 485 165 166 167 168 169 171 172 -173 -541 -538 -537 -536 -535 -534 $
-342 -332 -330 325 -315 -310 459 -277 -264 -255 -250 -234 -222 -241 -240 238 239 455 268 -575 -574 -573 -572 456 457 458 235 236 237 -279 278 360 -370 353 $
-170 -463 -462 -461 -460 -91 -347 -249 451 450 482 483 476 -477 -478 470 471 472 473 -474 475 185 198 -464 $
290 295 298 -110 -109 -108 -107 -106 402 403 -410 404 -409 -408 -407 -406 -405 411 -388 389 569 570 -571 -412 420 393 -417 -75 111 246 247 248 -251 252 416 253 254 256 257 258 259 260 261 -415 -414 -413 $
206 188 189 230 -546 99 -545 550 -549 -547 390 -551 552 428 429 430 431 432 433 435 394 395 262 401 263 265 266 -267 -208 203 204 205 $
522 -35 38 36 521 -89 90 34 524 525 526 527 2 -4 -3 -24 -23 15 17 18 19 20 -22 -21 -14 539 $
44 45 46 47 48 49 -500 -499 595 437 438 439 440 442 -443 584 -585 -449 448 444 -294 -293 -292 594 291 -289 -288 -287 -286 -285 -284 -283 -282 -281 280 445 447 88 -276 275 -274 -273 -272 -271 -270 -269 39 40 41 42 43 $
-197 -196 -195 -194 -199 200 201 -396 -544 -543 12 13 10 -8 -7 -6 -349 -348 356 357 358 359 11 -233 -232 231 $
124 125 126 127 128 129 -117 -120 -119 131 -132 133 134 135 136 137 138 -139 140 141 142 143 144 145 146 147 148 149 150 151 -130 -116 121 -122 123 $
>canFam2
-90 -89 -83 -82 -81 -77 -378 -85 379 380 381 -84 382 383 384 385 386 373 374 375 376 -478 -477 476 -481 -480 $
556 -115 -114 -112 -566 -565 -564 -153 -152 105 113 118 555 $
328 -329 331 470 471 472 473 474 475 482 483 485 327 $
343 344 345 346 348 349 350 351 352 354 355 -377 356 357 358 359 361 362 363 364 365 366 367 368 369 371 372 387 $
467 468 469 -13 -251 260 $
433 -432 -431 413 414 415 416 417 390 391 392 393 394 395 396 397 423 -424 -425 426 428 429 430 $
-39 -170 -557 558 559 560 561 562 563 271 272 273 274 275 276 278 279 -280 281 282 283 284 285 286 $
398 436 445 -449 -448 -399 444 -294 -293 -292 -435 291 -289 288 438 -439 440 442 -443 $
51 53 65 80 599 -353 370 -360 -342 9 16 25 29 37 $
-422 -421 -420 412 -538 400 -537 -536 -535 -534 -533 -532 -531 -530 -529 -541 401 $
-267 160 -159 -158 -270 -157 -156 -155 -154 161 162 163 164 165 -269 166 167 -268 $
-498 497 -496 -495 -491 -502 -490 -489 -501 -500 306 307 308 309 -42 -41 -499 -40 -91 -347 -493 492 $
-189 -188 -206 -205 -204 -203 -202 -201 -88 -86 -87 -230 $
539 522 524 525 526 527 528 $
-579 -577 -576 586 587 588 589 590 -584 591 592 593 -583 594 595 -582 -581 -580 $
199 -197 -196 -195 -194 -193 -192 191 -190 94 231 232 233 235 236 -200 243 $
-93 -92 95 $
-570 -569 -567 -568 287 -585 -575 -447 -574 -573 -572 187 186 -571 $
106 107 108 109 110 111 102 104 -103 100 -101 -506 505 510 $
-554 -553 -552 -551 550 -549 -547 545 546 99 $
512 513 515 516 517 518 519 521 -504 511 $
450 451 452 453 454 455 456 457 458 459 460 461 462 -463 464 465 466 $
-320 -319 -318 -317 -316 -314 -313 -312 -311 4 -2 -3 -324 -24 -23 15 17 18 19 20 -323 -22 -21 -14 11 12 -248 -247 -252 -322 -259 -258 -257 -256 -254 321 -253 -246 $
5 6 7 8 -10 $
-207 -214 96 97 98 -213 -212 -211 -210 -209 $
262 263 265 266 $
-224 -223 225 226 227 228 229 215 -245 -244 216 217 218 219 220 221 $
242 237 238 239 240 241 -296 $
338 339 340 341 $
169 171 172 -173 174 168 $
183 184 175 437 176 177 178 179 180 -181 182 $
-540 -514 520 $
508 509 326 -337 -336 -335 -334 -333 -305 -304 -303 -302 -301 -300 -299 -297 $
-543 52 54 -208 -198 -185 -544 -49 -48 -47 -46 -45 -44 -43 $
-389 388 -36 -38 35 -34 -33 32 -31 -30 -28 -27 402 403 -410 404 -26 -409 261 -332 -330 -325 -315 -310 -298 -295 -290 -277 -408 -407 -264 -255 -250 -234 -222 -406 -405 411 $
-479 -446 -441 -434 -427 -419 -418 578 -548 -542 -503 -488 -507 -494 -484 -79 -78 74 75 76 523 $
597 598 600 1 596 $
73 -64 -62 63 68 69 70 -71 72 249 -61 -60 66 -67 -59 55 56 57 58 -50 -487 -486 $
136 137 138 139 140 141 142 143 144 145 146 147 148 149 150 151 121 122 123 116 117 124 -125 126 -127 128 119 129 130 131 120 132 133 134 135 $
>rn3
524 526 527 2 -4 -3 24 -23 15 -17 -18 -19 20 -22 -21 -14 539 -522 376 -35 38 36 -521 377 378 -506 505 510 511 -512 -513 -515 516 517 518 519 379 380 381 382 383 384 -385 386 387 -317 -316 -89 90 34 525 $
73 -32 -26 -336 -335 -31 -28 -27 334 -33 54 52 50 -56 55 -57 58 59 67 -66 61 60 -63 62 30 64 68 -69 70 -71 72 $
-207 216 -217 -215 -214 97 96 218 -219 220 221 223 224 225 -226 227 -228 -213 -229 -212 -245 -244 -243 -210 -211 -242 -209 100 -101 553 -554 $
-389 388 406 -411 405 407 -408 409 -404 410 -403 402 -571 107 109 -108 110 570 -569 $
-82 83 -158 -156 159 155 -154 161 -157 -162 163 -523 -520 514 -507 -503 -494 -488 -484 -479 446 -441 -427 -434 -419 418 578 548 -542 -540 $
-118 113 105 298 -261 -260 259 295 -290 -257 -256 254 253 -252 251 -248 246 247 -111 398 399 400 $
593 592 -192 193 -202 568 -583 -567 -344 -343 600 -150 -582 -580 -581 -579 -576 586 -577 -587 588 -589 -590 190 -591 191 $
509 -88 -445 -447 -280 281 283 -282 -284 285 286 -287 288 289 -291 292 -293 294 -444 -448 449 585 -584 504 443 442 -440 -439 -438 -437 -595 594 $
337 -481 480 -338 -339 340 -341 397 497 -496 501 498 493 495 -502 489 -490 491 -492 $
78 -79 326 -327 328 329 331 -333 -81 -77 -85 84 -74 $
-106 -42 44 41 -40 -43 -39 -45 269 270 271 -272 -273 274 275 276 -46 47 49 48 -500 499 $
241 -240 238 -239 -314 313 268 -575 -573 -574 -572 -311 -312 236 237 235 -279 278 360 -370 353 -342 332 -330 325 315 -310 277 264 -250 255 -234 -222 -308 307 309 306 -304 -305 -303 -302 -301 -299 -300 -297 -296 -459 -458 -456 -457 -455 $
103 -104 -102 508 374 375 -153 373 -372 -371 -369 368 -367 -365 -366 -364 -362 -363 -361 98 $
-5 -164 -93 485 94 -92 -95 165 -166 167 487 -168 171 169 172 -173 -541 538 537 -536 535 -534 486 533 -531 -532 530 -529 -528 $
203 258 -204 205 206 188 -189 230 -546 99 -545 550 -549 -547 -551 552 414 413 -415 -416 417 390 -428 429 431 430 432 433 -393 -420 435 394 -395 -401 -262 412 265 263 266 -267 -208 $
-472 -473 474 475 185 198 -170 91 -347 -249 450 453 -452 -464 -463 -462 461 -460 451 483 482 -454 476 -477 -478 470 -471 $
-1 -436 -392 -391 80 -65 -53 51 25 29 37 -16 9 -599 -421 -426 -425 -424 -423 -422 596 598 597 $
-114 -115 -112 -565 -566 -564 -563 -543 -562 -561 559 -560 -558 -557 556 555 465 466 -467 468 86 87 -469 $
233 -232 231 -197 200 -196 195 -194 -199 201 -396 544 12 13 10 -7 -8 6 -349 -348 356 -357 358 359 11 $
-322 323 324 -76 -75 -355 352 -354 -351 -350 160 174 175 176 177 179 178 180 181 182 152 -183 184 345 186 187 -318 319 320 321 -346 $
124 131 125 126 127 136 -137 138 -139 140 -141 142 143 146 -144 -145 147 -149 148 -151 -123 -122 -121 -130 -129 -128 -117 120 119 -135 -133 -134 116 132 $
>galGal2
96 97 98 -123 -122 -121 412 -120 -119 -117 -116 2 -4 -3 152 153 -595 -594 -593 -592 -590 -591 -589 -588 -587 -586 576 577 579 580 581 582 583 584 -585 -575 -574 -573 -572 -571 -570 -569 -567 -568 -543 539 -433 547 -432 -431 -430 -429 -428 -426 -425 -424 -423 -422 555 413 414 556 557 558 559 560 561 562 -114 -112 -566 -565 -564 -563 -554 -553 545 546 99 551 -552 115 550 229 549 221 223 224 225 226 227 228 215 216 217 218 219 220 370 -360 -214 -421 -213 -212 -211 -210 -209 -207 -420 $
-14 -20 -19 -18 -17 -15 23 24 -5 7 8 -22 21 -10 -13 -12 -11 -6 $
-326 -324 -323 -322 $
-45 -44 -43 46 47 48 49 -42 -41 -40 -39 -89 90 $
202 203 204 205 206 188 189 230 151 $
-334 -333 335 336 337 $
-35 38 36 26 -94 93 32 27 28 30 31 -388 389 -54 -52 33 34 $
106 -101 107 108 109 110 103 100 -104 -102 -111 $
-485 487 -486 $
59 69 70 -71 72 73 $
-408 -407 -406 -405 411 402 403 55 56 57 58 -410 -50 404 66 -67 -409 $
-76 -75 -74 490 78 450 -451 -502 452 453 454 455 456 457 458 459 -501 460 -500 461 462 463 464 465 466 -499 -498 497 -469 -496 -468 -467 -495 -493 492 -491 415 416 417 390 391 392 393 394 -398 190 191 192 193 -395 194 195 196 197 -200 -201 199 -397 -396 -401 435 399 -85 -84 -341 -340 -339 -338 -296 400 436 489 -83 -82 77 $
-95 -92 $
-249 -347 $
91 $
544 $
520 523 342 -514 $
-64 -62 63 68 $
-61 -60 $
-88 $
80 -548 -542 -540 345 -118 -344 -113 -343 -105 -578 -387 -386 -385 -384 346 -383 -382 531 -530 -529 -528 379 380 381 -376 -375 -374 -373 -372 -371 -369 -368 -367 -366 -365 -364 -363 -362 -361 -359 -358 -357 -356 -355 -354 -352 -351 -350 -349 -348 443 -442 -440 -439 -438 -437 599 9 16 25 29 37 51 53 65 $
503 507 488 494 $
-141 -140 139 -128 -137 -136 -135 -134 -133 -132 -150 -149 -148 -147 -146 -145 -144 -143 278 279 -280 281 282 283 284 285 286 129 130 131 268 269 270 271 272 273 274 275 276 445 262 263 265 266 291 -289 -288 287 138 -127 -126 -125 -124 -267 292 293 294 -444 -261 -260 -259 -258 -257 -256 -254 -253 -252 251 -248 -247 -246 -142 $
-541 533 534 535 536 537 538 596 597 598 -527 1 522 600 -526 -525 -524 $
-509 511 -512 -513 504 515 516 517 518 519 521 -508 -510 -505 506 $
178 179 180 181 182 -173 -172 -171 -168 -169 -159 -158 -157 -156 -155 -154 161 -175 162 163 164 165 166 167 -174 176 177 $
-484 -315 -310 -298 -295 325 -290 -277 330 -264 170 -479 185 198 208 222 234 250 255 353 332 -446 -441 -434 -427 -419 -418 $
-245 -244 -243 -242 -160 -241 -240 -239 -238 -237 -236 -235 -184 -183 -233 -232 -231 -187 -186 $
-87 -481 532 -81 -86 -79 313 314 447 377 331 378 $
470 471 -472 -480 318 319 320 321 -317 -316 448 449 482 483 306 311 312 473 307 308 309 299 300 301 302 303 304 305 $
-476 477 478 -474 475 -329 -328 -327 297 $
>hg18
325 330 332 342 249 353 360 370 418 419 427 434 441 446 347 479 484 488 494 503 507 514 520 523 540 542 548 578 91 170 185 198 208 222 234 250 255 264 277 290 295 298 310 315 $
515 516 517 518 519 489 521 491 490 492 493 495 496 497 498 499 500 501 502 504 505 506 508 509 510 511 512 513 $
543 544 524 525 526 527 528 529 530 531 532 533 534 535 536 537 538 539 541 522 $
563 564 565 566 551 545 552 546 553 554 547 555 549 556 550 557 558 559 560 561 562 $
594 595 567 568 569 570 571 572 573 574 575 576 577 579 580 581 582 583 584 585 586 587 588 589 590 591 592 593 $
596 597 598 600 1 $
2 3 4 5 6 7 8 10 11 12 13 14 15 17 18 19 20 21 22 23 24 $
27 28 30 31 32 33 26 34 35 36 38 39 40 41 42 43 44 45 46 47 48 49 $
52 54 55 56 57 58 59 50 60 61 62 63 64 66 67 68 69 70 71 72 73 $
74 77 78 79 81 82 75 83 84 85 76 $
88 86 87 89 90 $
152 153 154 155 156 157 158 159 160 51 161 53 162 163 164 165 166 167 168 65 169 171 172 173 174 175 176 177 178 179 180 181 182 183 184 80 186 187 599 105 113 118 9 16 25 29 37 $
92 94 95 93 $
96 97 98 $
99 100 101 102 103 104 106 107 108 109 110 111 112 114 115 $
221 223 224 225 226 227 228 229 230 231 232 233 235 236 237 238 239 240 241 242 243 244 245 190 191 192 193 194 195 196 197 188 199 200 201 202 203 204 205 189 206 207 209 210 211 212 213 214 215 216 217 218 219 220 $
246 267 247 268 269 270 271 248 272 273 274 275 276 278 279 280 281 282 283 284 285 286 287 288 289 291 292 293 294 253 254 256 257 258 259 260 261 251 262 263 252 265 266 $
318 319 320 321 322 323 324 326 327 328 329 331 333 334 335 336 337 297 299 300 301 302 303 304 305 306 307 308 309 311 312 313 314 316 317 296 $
361 362 363 364 365 366 367 368 369 371 372 373 374 375 376 377 378 379 380 381 382 383 384 385 386 387 338 339 340 341 343 344 345 346 348 349 350 351 352 354 355 356 357 358 359 $
420 421 422 423 424 425 426 428 429 390 430 431 432 433 435 436 391 392 393 394 388 395 396 397 398 399 400 389 401 402 403 404 405 406 407 408 409 410 411 412 413 414 415 416 417 $
467 468 444 469 438 445 447 439 440 448 449 442 437 443 450 451 452 453 454 455 456 457 458 459 460 461 462 463 464 465 466 $
482 483 485 486 487 472 473 474 475 470 476 471 477 478 480 481 $
128 129 130 131 132 133 134 135 119 136 120 137 138 139 140 141 142 143 144 145 146 147 148 149 150 151 121 122 123 116 117 124 125 126 127 $
>monDom4
-516 -515 -14 22 -20 -506 -19 -18 -17 -15 23 24 505 510 7 8 -6 -10 -13 -12 -11 5 -596 -21 -598 -597 -600 -1 334 521 335 336 337 -333 -95 -485 -508 -92 -90 89 39 40 41 42 486 -487 46 47 48 49 -37 -29 -25 -16 -9 -599 437 438 439 440 509 442 -443 448 449 -445 447 -94 -93 -118 -113 -105 -45 -44 -43 -504 80 -513 65 51 53 -512 -511 -519 -518 -517 $
488 494 503 507 -514 520 523 540 542 548 -298 -578 -295 -290 -255 -250 67 -66 -234 -61 -60 -63 62 64 68 69 -73 -222 -72 71 -70 -208 -170 343 344 345 346 348 349 350 -198 351 352 -185 354 355 356 357 358 359 361 362 363 364 365 366 367 368 369 371 372 373 374 375 277 376 377 378 379 380 381 382 383 384 385 386 387 310 315 325 330 332 342 -353 370 -360 -59 55 56 -403 -402 -410 404 -409 -408 -407 -406 -405 411 57 58 -50 418 419 427 434 441 446 479 484 $
296 322 -459 -458 302 -457 -456 -455 303 -454 -453 -452 304 305 451 -450 -78 -314 -313 -312 -311 -301 -300 -299 -297 -81 74 75 76 306 77 82 83 318 319 84 85 307 308 309 -341 -340 -339 -338 460 461 462 463 464 465 466 -481 467 468 469 -324 320 -323 86 87 88 106 -101 111 102 316 100 107 108 109 110 317 -326 -480 321 -79 $
231 232 233 160 -159 -158 -157 -97 -156 -96 -155 -154 161 162 163 164 165 166 167 168 169 171 172 -173 -123 174 175 176 177 178 179 180 181 182 -543 -122 544 -121 568 567 569 570 571 572 573 574 575 585 -584 -583 -347 539 -91 -228 -227 -226 -225 -224 -223 -221 98 229 $
-286 -285 -284 -283 -282 -281 280 -279 -278 -276 -275 -274 -273 -272 -271 -270 -269 -268 -444 -261 -260 -259 -258 -257 -256 -254 -253 -252 251 -248 -247 -246 -262 -522 524 525 526 527 528 529 530 531 532 533 534 535 536 537 538 -266 541 -265 -263 -294 -293 -292 -267 291 -289 -288 -287 $
-33 32 27 28 30 31 -478 -477 -476 -249 26 202 203 204 205 206 188 189 230 -401 -400 -399 -398 -199 -395 396 397 472 473 -331 474 475 34 -35 38 36 -329 -328 -388 389 -54 -52 -327 $
-593 -592 132 215 591 216 217 -586 576 577 579 580 581 582 -590 218 219 -589 -588 -587 240 241 220 207 -184 -183 -239 -238 -236 -235 186 187 -243 -242 -237 -120 -119 209 -117 -116 2 -4 -3 210 211 212 213 152 153 -595 214 -594 $
-550 547 549 545 546 99 -115 -414 -413 -412 420 421 422 423 424 425 426 555 428 429 430 431 432 433 435 436 489 490 -502 -501 -500 -499 -498 497 -496 -495 -493 492 -491 415 416 417 201 190 191 192 193 194 195 196 197 -200 -394 -393 -392 -391 390 556 557 558 559 560 561 562 -114 563 564 565 566 112 553 554 -552 -551 $
104 -483 -482 -471 -470 136 137 264 -245 -244 103 $
133 134 135 143 144 145 146 147 148 149 151 150 138 -139 140 141 142 -127 -126 -125 -124 -131 -130 -129 -128 $
