>mm8
-82 36 -38 -197 200 25 -26 195 196 198 -92 142 114 -110 -106 $
-45 -44 -43 -41 42 194 121 188 -119 -118 $
55 56 -184 -180 32 30 -120 154 153 152 -156 -155 157 -158 160 -159 -161 162 163 $
151 -147 -67 -72 -71 -70 -69 -68 133 -74 -53 $
-134 -132 -35 87 -33 88 -24 -23 -22 -21 -20 $
209 -203 107 108 201 -105 122 -128 -123 129 $
85 $
-81 -183 5 6 -212 -211 $
46 -49 -47 -48 50 51 31 181 -175 202 165 $
100 -101 102 98 99 -104 -164 27 28 166 171 167 168 -170 -169 -174 -173 -172 $
86 109 111 $
96 97 95 94 -93 91 89 90 199 -113 -138 -179 $
83 -4 2 3 -127 -34 -29 $
-84 -40 1 -206 -192 $
-65 -64 -63 -62 66 54 73 187 8 9 10 11 12 13 14 15 -186 -185 57 -60 -59 -58 61 -52 124 125 126 $
-16 -7 210 213 -115 182 116 117 $
-177 178 -135 -137 136 145 -146 144 -143 112 $
131 75 76 77 -130 -80 78 -19 79 176 189 -18 -17 148 149 150 -103 $
139 141 140 -37 39 -205 -204 207 208 $
-193 190 191 $
>canFam2
-174 -173 -172 -171 -168 45 46 47 48 49 50 42 43 44 -88 -87 -178 -177 $
118 119 -189 -188 -121 -194 180 184 $
86 89 $
36 37 38 39 40 41 51 $
-120 63 64 65 53 54 69 -70 -71 72 $
-148 -206 18 19 $
-55 73 74 -80 78 76 77 $
147 151 34 -29 $
56 -68 -67 -66 62 112 $
-17 -16 -197 -196 -195 198 199 $
-104 -103 -98 -97 -102 101 -100 -99 -96 -149 -192 $
-213 -210 -209 -208 -176 175 $
113 $
-129 -128 131 $
-207 -205 -204 -203 -202 -201 5 $
-179 $
-130 -127 -126 -125 -124 -123 -122 -79 $
185 186 187 -183 $
-117 -116 115 182 $
109 -111 $
81 82 83 84 85 $
-27 -26 -25 -24 -23 -135 -137 136 145 -146 144 -143 141 -8 -9 -15 -14 -13 -12 -11 -10 $
-138 139 -140 $
-211 181 $
212 -6 $
2 3 4 $
35 $
200 $
75 $
106 $
-134 -132 107 108 105 28 -33 -32 -31 -30 -22 -21 -20 $
-153 -154 -7 -1 -150 $
57 -60 -59 -58 61 52 $
92 142 -114 -110 -169 164 165 166 167 -170 $
133 $
163 159 -161 162 -160 158 -157 155 156 -152 -95 94 -93 -91 -90 $
190 -191 193 $
>rn3
44 43 45 46 47 48 -49 50 51 -177 178 -135 -137 136 145 -146 144 -143 112 86 -109 111 $
-32 -31 30 -120 154 153 152 157 -155 156 -158 160 -159 -161 162 163 $
-212 -211 -6 -5 183 81 $
-126 125 -124 52 -61 58 -59 60 -57 185 186 $
-195 196 198 -92 142 114 -110 -106 $
-15 14 -13 -11 10 -9 -8 -187 55 56 184 -180 $
-107 203 -209 122 -128 -123 129 $
108 201 -105 -176 -79 19 -78 80 130 -77 -76 -75 $
-88 33 87 -35 132 -102 101 -100 98 99 -104 134 96 97 $
-164 27 28 166 -171 167 -168 -170 -169 -174 173 -172 $
-150 189 -149 -148 17 18 -103 $
-24 23 -22 -20 -21 -83 2 -4 -3 -127 -34 -29 $
181 42 -194 -41 $
95 94 -93 91 89 90 199 -113 -138 -179 $
-73 -54 -66 62 12 63 -64 65 -16 -7 210 213 -115 182 117 116 $
82 -84 -40 1 -206 192 $
151 -147 -67 -72 -71 -70 -69 -68 133 -74 -53 $
-175 -188 -121 -119 118 85 $
139 141 140 -37 39 -205 207 -204 208 $
-202 36 -38 -197 131 200 25 26 -165 $
-193 190 191 $
>galGal2
63 -67 -66 62 -72 -71 -70 -69 -68 118 119 -35 -189 -188 -121 115 182 -117 -116 -34 212 -211 181 -190 -135 194 -131 128 129 -130 -127 -126 -125 -124 -123 -122 $
-140 -141 -137 136 139 144 -143 -145 146 $
-28 -27 $
-149 -148 -177 178 -150 $
209 210 213 $
31 32 33 -30 $
169 -52 $
183 185 186 -187 $
-90 -89 95 -94 -93 -91 $
157 -161 162 163 $
-60 -59 -58 -61 57 155 156 153 -154 -152 -160 158 $
-120 73 74 -104 -103 -102 101 -100 -99 -98 -97 -96 64 65 53 54 201 202 203 204 205 -207 -208 55 -174 -173 56 -172 167 168 166 -165 -164 -81 82 83 84 85 $
-179 $
192 $
92 29 $
159 $
-175 -176 $
-184 -180 -114 -110 -106 -142 -134 132 -51 -50 -49 -48 -47 -113 45 46 -44 -43 -42 -41 -40 -39 -38 -37 -77 -76 -75 147 151 -36 $
193 -191 19 17 18 -16 -78 -15 -14 -13 -12 -11 -10 -9 -8 $
-112 -138 133 $
-108 -107 105 -109 111 $
-200 -196 -195 198 199 $
206 1 7 $
197 -6 -5 -4 -3 -2 $
80 170 -171 23 79 $
24 $
20 21 22 86 -87 25 26 $
88 $
>hg18
192 206 1 7 29 34 92 106 110 114 120 132 134 142 $
96 97 98 99 100 101 102 103 104 105 107 108 109 111 $
112 113 $
115 116 117 118 119 121 $
122 123 124 125 126 127 128 129 130 131 $
133 $
135 136 137 138 139 140 141 143 144 145 146 $
148 149 150 $
152 153 154 155 156 157 158 159 160 161 162 163 $
164 165 166 167 168 169 170 171 172 173 174 $
175 176 177 178 $
147 151 180 184 194 195 196 197 198 199 200 $
179 $
181 $
182 183 185 186 187 188 189 $
201 202 203 204 205 207 208 209 210 211 212 213 2 3 4 5 6 $
8 9 10 11 12 13 14 15 16 17 18 19 $
20 21 22 23 24 25 26 27 28 30 31 32 33 $
35 36 37 38 39 40 41 42 43 44 45 46 47 48 49 50 51 $
52 53 54 55 56 57 58 59 60 61 62 63 64 65 66 67 68 69 70 71 72 73 74 $
75 76 77 78 79 80 81 82 83 84 85 $
86 87 88 89 90 91 93 94 95 $
190 191 193 $
>monDom4
-140 -141 107 108 105 -109 -111 144 -143 146 -145 -136 137 139 -138 133 30 31 32 33 -90 -89 -179 -178 177 148 149 91 93 94 -95 -151 -147 75 76 77 80 79 -184 -180 -150 $
-206 -7 -1 92 106 110 114 -142 -134 -132 160 158 -159 -163 -162 161 -35 36 37 38 39 40 41 42 43 44 45 46 47 48 49 50 51 29 34 -157 -57 -60 -59 -58 155 156 -152 -154 153 -61 $
-87 25 26 20 21 22 -28 27 169 170 -83 -82 -81 -24 -23 -171 164 165 166 167 168 172 173 174 84 85 -175 176 185 187 183 186 $
181 -197 -196 -195 198 199 200 122 123 124 125 126 127 130 -129 -128 -192 $
-16 -78 -19 -18 -17 -15 -14 -13 -12 -11 -10 -9 -8 113 112 $
88 -52 209 210 213 -56 -55 $
211 212 -190 -135 194 -131 -4 -3 -2 -5 $
118 119 121 188 189 -117 -116 115 182 -63 -62 66 67 68 69 70 71 72 73 74 -104 -103 -102 101 -100 -99 -98 -97 -96 64 65 208 201 202 203 204 205 -207 -54 -53 $
-120 -86 -6 $
-191 -193 $
