>mm8
-48 53 15 -17 144 8 -9 141 142 -58 -52 100 84 -79 -72 $
-24 -23 -22 -20 21 140 89 137 $
14 12 -88 115 113 114 -116 117 -118 119 -120 121 122 $
112 -108 -39 -40 95 -42 -32 $
-94 -60 59 61 -7 -6 -5 $
151 -148 80 81 145 -78 90 93 -44 $
56 $
-47 -134 160 -161 -154 -153 $
25 -28 -26 -27 29 30 13 132 147 123 $
73 -74 75 70 71 -77 10 124 125 -127 -126 $
57 82 83 85 $
68 69 67 66 -65 64 62 63 143 -86 -99 -131 $
54 51 -158 156 157 159 -92 -11 $
49 -55 -50 -19 155 -146 $
-37 -36 -35 38 41 162 163 164 -136 -135 -33 34 31 91 $
-1 152 -87 133 $
130 -96 -98 97 106 -107 105 -104 -109 $
43 -46 45 -4 129 128 138 -3 -2 110 111 -76 $
101 102 -16 18 -103 -149 150 $
139 $
>canFam2
-125 24 25 26 27 28 29 21 22 23 -61 -59 -60 -130 $
-138 -137 -89 -140 $
57 62 $
15 16 17 18 19 20 30 $
-88 35 36 37 32 40 $
-146 3 4 $
41 42 -46 45 $
108 112 -11 $
-39 -38 $
-2 -1 -141 142 143 $
-77 -76 -70 -69 -75 74 -73 -71 -68 -110 $
-152 -151 -150 -129 -128 $
86 $
-93 $
-149 -148 -147 -145 $
-131 $
-92 -91 -90 -44 $
135 136 -134 82 $
87 133 $
83 -85 $
47 48 49 50 51 53 54 55 56 $
-10 -9 -8 -96 -98 97 106 -107 105 -104 -103 -162 -163 -164 $
-99 101 -102 $
-153 132 $
154 161 -160 $
159 156 157 158 $
144 $
43 $
52 72 $
-94 80 81 78 -14 -13 -12 -7 -6 -5 $
-115 -155 -111 $
-33 34 -31 109 $
58 100 -84 -79 -126 123 124 -127 $
95 $
122 -120 121 -119 118 -117 116 -114 -113 -67 66 -65 -64 -63 $
139 $
>rn3
23 22 24 25 26 27 -28 29 30 130 -96 -98 97 106 -107 105 -104 -109 57 82 -83 85 $
-14 -13 12 -88 115 113 116 117 -114 -118 119 -120 121 122 $
-154 -153 161 -160 134 47 $
-91 -31 -34 33 136 $
141 142 -58 -52 100 84 -79 -72 $
-164 -163 -162 $
-80 148 -151 90 93 -44 $
81 145 -78 -128 129 4 -45 46 -43 $
-61 -59 60 -75 74 -73 70 71 -77 94 68 69 $
10 124 -125 -127 -126 $
-111 138 -135 -110 2 3 -76 $
-7 -5 -6 -54 51 156 -158 -157 159 -92 -11 $
132 21 -140 -20 $
67 66 -65 64 62 63 143 -86 -99 -131 $
-41 -38 35 -36 37 -1 152 -87 133 $
-53 48 49 -55 -50 -19 155 -146 $
112 -108 -39 -40 95 -42 -32 $
-137 -89 56 $
101 102 -16 18 -103 -149 150 $
-147 15 -17 144 8 9 -123 $
139 $
>galGal2
35 -39 -38 -40 -138 -137 -89 87 133 154 -153 132 -139 -96 140 93 -92 -91 -90 $
-102 -98 97 101 105 -104 -103 -106 107 $
-10 $
-110 130 -111 $
-60 151 152 $
13 14 -12 $
126 31 -109 $
134 135 136 $
-63 -62 67 -66 -65 -64 $
117 -120 121 122 $
-33 -34 116 -114 -113 -119 118 115 $
-88 41 42 -77 -76 -75 74 -73 -71 -70 -69 -68 36 37 32 145 147 148 149 -150 124 125 -123 -47 48 49 50 51 53 54 55 56 $
-131 $
52 58 11 $
-129 -128 $
-84 -79 -72 -100 -94 -30 -29 -28 -27 -26 -86 24 25 -23 -22 -21 -20 -19 -18 -17 -16 -43 108 112 44 -15 $
4 2 3 -1 -45 -164 -163 -162 $
-99 95 $
-81 -80 78 82 -83 85 $
-144 -141 142 143 $
146 155 $
-160 -161 -159 -158 -157 -156 $
46 127 $
5 6 7 57 -59 8 9 $
61 $
>hg18
146 155 11 52 58 72 79 84 88 94 100 $
68 69 70 71 73 74 75 76 77 78 80 81 82 83 85 $
86 $
87 89 $
90 91 92 93 $
95 $
96 97 98 99 101 102 103 104 105 106 107 $
109 110 111 $
113 114 115 116 117 118 119 120 121 122 $
123 124 125 126 127 $
128 129 130 $
108 112 140 141 142 143 144 $
131 $
132 $
133 134 135 136 137 138 $
145 147 148 149 150 151 152 153 154 156 157 158 159 160 161 $
162 163 164 1 2 3 4 $
5 6 7 8 9 10 12 13 14 $
15 16 17 18 19 20 21 22 23 24 25 26 27 28 29 30 $
31 32 33 34 35 36 37 38 39 40 41 42 $
43 44 45 46 47 48 49 50 51 53 54 55 56 $
57 59 60 61 62 63 64 65 66 67 $
139 $
>monDom4
82 -102 80 81 78 -83 -85 105 -104 -103 107 -106 -97 98 101 -99 95 12 13 14 -63 -62 -131 -130 110 64 65 66 -67 -112 -108 43 46 -44 -111 $
-146 -155 52 58 72 79 84 -100 -94 119 118 -122 -121 120 15 16 17 18 19 20 21 22 23 24 25 26 27 28 29 30 11 -117 116 -33 -114 -113 -34 $
-59 8 9 5 6 7 10 126 127 -54 -53 -51 -50 -49 -48 -47 123 124 125 55 56 128 129 135 134 136 $
132 161 -141 142 143 144 90 91 92 -93 $
-1 -45 -4 -3 -2 -164 -163 -162 86 $
61 -109 31 151 152 -60 $
153 154 -139 -96 140 159 -158 -157 -156 -115 $
89 137 138 87 133 -35 38 39 40 41 42 -77 -76 -75 74 -73 -71 -70 -69 -68 36 37 150 145 147 148 149 -32 $
-88 -57 -160 $
