>mm8
-284 278 -279 280 281 276 277 -285 -398 401 149 150 151 152 404 400 -403 -402 -407 -406 $
286 291 292 293 294 $
365 366 367 -311 417 -416 100 101 102 -92 -91 -90 -89 -88 -87 -86 -85 -84 -83 -82 $
187 -190 -188 191 -189 192 193 143 -142 154 414 -161 -164 -163 67 -36 146 148 -147 $
78 -70 -69 -68 -345 162 289 290 321 -333 -320 334 -332 -331 -330 337 338 339 340 -341 342 $
-133 -132 -131 -130 -129 251 252 253 254 429 430 $
-33 -32 31 -30 -218 -223 -222 -221 -220 -219 346 347 -231 -197 $
272 -271 -28 -201 -160 -159 157 158 263 -156 250 -141 -140 -139 -138 -137 -136 -135 -134 $
-186 -185 -184 -183 -182 -181 179 -178 -177 -176 -175 174 -173 180 37 -288 -287 418 420 -419 319 427 -318 -317 -316 -315 -314 -313 -312 $
202 203 -35 -34 155 364 153 380 379 -378 377 -384 -383 -382 -381 385 389 -388 -387 386 390 391 392 -394 -393 395 396 397 $
441 442 443 444 445 446 447 448 -440 431 -436 -435 -437 438 439 -432 -434 -433 $
344 232 233 234 235 236 -237 238 335 -336 -241 -243 242 239 -128 -127 -126 -125 -124 -123 -122 240 408 428 -119 -118 -117 -116 371 372 373 374 375 376 -283 -282 $
-303 -302 -200 -304 355 356 353 -167 -166 169 170 171 172 354 95 -74 -73 -72 -71 -75 76 77 $
-249 -248 264 265 260 261 -262 255 256 257 258 259 5 6 7 -4 -3 -2 -1 $
-216 215 -214 -213 -212 -211 -210 217 198 230 -399 426 103 104 105 106 107 108 109 110 111 112 113 10 11 -425 -424 -423 -422 -421 205 206 -209 -208 -207 -194 195 322 323 324 -325 $
196 224 225 226 227 228 229 199 204 -115 -114 -8 93 79 80 81 65 66 94 -306 415 -305 308 -307 309 310 $
-409 410 348 -350 -349 351 359 360 361 362 -363 358 -357 -368 370 369 $
244 245 165 -168 42 343 54 55 -60 -59 -58 57 -56 61 62 63 64 144 -145 405 40 41 -39 -38 43 44 45 -24 -23 22 -21 -20 29 27 -26 -25 $
273 274 -275 -46 -270 269 268 266 267 47 48 49 50 51 -52 53 -301 -300 -299 -298 -297 -296 -295 -352 412 413 -411 $
246 247 -99 -98 96 97 -329 -328 -327 -326 -121 120 -19 18 -17 -16 -15 14 -13 -12 -9 $

>monDom4
-439 445 446 447 448 444 -438 -441 -440 $
311 -430 312 313 314 315 316 317 318 -429 319 427 428 -310 -309 -308 307 305 306 415 -211 -210 217 218 219 220 221 222 223 224 225 226 227 228 229 230 231 271 272 -285 -284 -283 -282 -281 -280 279 -278 -277 -276 275 -274 -273 212 213 214 215 216 77 67 68 69 70 71 72 73 74 -76 -199 -198 -197 196 $
414 -436 -435 -90 -89 -88 91 92 -102 95 42 -41 -40 -39 -38 43 44 45 46 47 48 49 50 51 -52 53 54 55 56 57 58 59 60 -303 304 321 320 322 323 324 325 326 327 328 329 336 -335 -334 -333 -302 -2 $
-115 -114 -239 113 -128 -127 -126 -125 -124 -123 -122 -121 -120 -119 -118 -117 -116 -112 -111 -110 -109 -108 -107 -106 -105 -104 -103 295 296 297 298 299 300 301 $
-152 -151 -150 257 258 259 -368 370 369 -194 195 -380 -367 365 366 -262 -261 -260 -1 364 78 79 80 81 65 66 94 -93 -204 -203 -202 -75 200 201 $
82 83 84 85 86 87 -434 -433 -432 -431 348 -350 -349 36 37 -344 -343 -342 341 330 331 332 -340 -339 -338 -337 98 99 -62 -61 -97 -96 63 64 -100 $
-265 -264 -256 -255 442 443 -437 -101 -378 420 -419 $
286 -353 -356 -355 -354 -363 -288 -287 289 290 -291 -294 -293 -292 418 358 -357 -362 -361 -360 -359 -351 -352 346 -345 -347 153 154 155 156 -267 -266 -411 -410 409 371 372 268 -269 270 376 -31 -30 232 233 234 235 236 -237 238 241 242 243 240 -413 -412 -35 -34 -375 -374 -373 33 32 $
-4 -3 -11 -10 -8 -7 -6 -5 9 20 21 -22 23 24 25 26 27 -29 -28 389 -388 -387 386 390 391 -397 -396 -395 393 394 -392 161 162 163 164 165 166 167 168 169 170 171 172 173 174 175 176 177 178 179 180 181 182 183 184 185 186 187 188 189 190 191 192 193 12 13 14 15 16 17 -18 19 -385 381 382 -206 -205 -209 -208 -207 383 384 -377 379 $
-263 144 145 146 134 135 136 137 138 139 140 -148 -147 142 143 -149 402 403 -401 129 130 -247 -246 -245 -244 -141 -133 -132 -131 -404 398 399 400 405 406 407 -160 -159 -158 -157 248 249 250 251 252 253 254 408 421 -417 426 416 422 423 424 425 $

>hg18
348 349 350 351 352 353 354 355 356 357 358 359 360 361 362 363 $
398 399 400 401 402 403 404 405 406 407 $
408 409 410 $
364 365 366 367 368 369 370 371 372 373 374 375 376 $
377 378 379 380 381 382 383 384 385 386 387 388 389 390 391 392 393 394 395 396 397 $
345 346 347 $
411 412 413 $
305 306 307 308 309 310 311 312 313 314 315 316 317 318 319 $
320 321 322 323 324 325 326 327 328 329 330 331 332 333 334 335 336 337 338 339 340 341 342 343 344 $
271 272 273 274 275 276 277 278 279 280 281 282 283 284 285 286 287 288 289 290 291 292 293 294 $
295 296 297 298 299 300 301 302 303 304 $
431 432 433 434 435 436 437 438 439 440 441 442 443 444 445 446 447 448 $
1 2 3 4 5 6 7 8 9 10 11 12 13 14 15 16 17 18 19 20 21 22 23 24 25 26 27 28 29 $
232 233 234 235 236 237 238 239 240 241 242 243 244 245 246 247 248 249 250 251 252 253 254 $
255 256 257 258 259 260 261 262 263 264 265 266 267 268 269 270 $
415 416 417 418 419 420 421 422 423 424 425 426 427 428 429 430 $
103 104 105 106 107 108 109 110 111 112 113 114 115 116 117 118 119 120 121 122 123 124 125 126 127 128 $
129 130 131 132 133 134 135 136 137 138 139 140 141 142 143 144 145 146 147 148 149 150 151 152 153 154 155 156 $
157 158 159 160 161 162 163 164 165 166 167 168 169 170 171 172 173 174 175 176 177 178 179 180 181 182 183 184 185 186 187 188 189 190 191 192 193 $
194 195 196 197 198 199 200 201 202 203 204 205 206 207 208 209 210 211 212 213 214 215 216 217 218 219 220 221 222 223 224 225 226 227 228 229 230 231 $
414 $
30 31 32 33 34 35 36 37 38 39 40 41 42 43 44 45 46 47 48 49 50 51 52 53 54 55 56 57 58 59 60 61 62 63 64 $
65 66 67 68 69 70 71 72 73 74 75 76 77 78 79 80 81 82 83 84 85 86 87 88 89 90 91 92 93 94 95 96 97 98 99 100 101 102 $

>rn3
161 414 -419 -420 -418 -287 288 179 180 -37 178 -177 -176 -175 174 -173 $
-398 -401 149 -150 151 152 -404 -400 -403 -402 -407 406 $
-375 374 -373 428 -372 -371 116 117 -118 119 -376 -283 282 $
290 -408 -240 122 124 -123 125 -126 -127 128 -239 -242 243 241 336 -335 -238 237 236 -235 -234 -233 -232 344 $
156 263 -157 -158 159 -160 201 28 -280 279 -278 284 281 276 277 -285 271 -272 273 274 -275 $
11 -10 -113 112 -111 -109 108 -107 -106 -105 103 104 -426 202 203 -35 34 $
-289 -162 345 -448 68 -69 70 -78 321 -333 -320 334 -331 -332 -330 -337 338 -339 -340 -341 342 $
-325 324 -323 322 -195 194 207 -208 209 -206 205 421 422 424 -423 425 $
-40 -405 41 39 -38 43 -44 45 -24 -23 22 -21 20 29 27 -26 -25 $
-367 365 -366 -364 -155 -154 153 380 379 -378 377 -382 381 -383 384 385 389 -388 -387 386 390 -391 392 -394 -395 393 396 397 $
-85 -84 -83 -82 86 -87 88 89 -90 -91 92 -102 -101 -100 416 -417 -311 $
441 -440 -439 -432 434 433 431 -436 435 -437 438 442 -443 444 446 -445 447 $
-302 -200 304 355 356 353 -167 -166 169 -170 171 172 354 95 -74 76 -73 72 -71 -75 77 $
36 -67 163 -164 165 -168 42 343 54 55 56 57 58 59 60 -61 62 63 64 144 145 146 147 148 -399 $
-230 -198 -217 210 110 211 -212 -213 214 -215 216 196 -224 225 226 227 228 229 199 -204 -115 -114 -8 93 79 -80 81 65 -66 94 -306 415 -305 308 -307 310 309 $
-245 244 -249 -248 265 264 260 261 -262 255 -256 -257 258 -259 5 6 7 -4 -3 2 -1 $
33 32 31 -30 -218 -223 -222 -221 -220 -219 346 -347 -231 -197 $
-303 -427 -319 317 -318 -316 -315 -314 -313 312 250 251 -252 253 -254 -429 -430 $
182 183 184 181 185 186 187 188 189 -191 -190 192 193 -143 -142 -409 410 348 -350 -349 351 359 -360 -361 362 -363 358 -357 -368 370 369 286 -291 -292 293 294 $
141 140 -139 138 -137 -136 -134 -135 -132 -133 -131 -130 -129 -247 -246 99 -98 96 -97 -329 -327 -328 -326 -121 120 -19 18 -17 16 -15 14 13 -12 9 $
-46 -270 269 268 266 267 47 -48 50 49 51 -52 53 301 300 -299 298 -297 296 -295 -352 -412 413 -411 $

>canFam2
-130 -129 96 97 98 99 $
157 158 159 160 161 $
48 49 50 51 -52 53 54 $
55 56 57 58 -59 60 61 62 232 $
-183 162 163 164 165 166 167 168 169 170 171 172 173 174 175 176 177 193 $
-84 -83 -82 414 $
114 $
-116 -115 42 -41 -40 -39 -38 43 44 45 46 47 $
413 -76 75 -74 -73 -72 -71 -70 -69 -68 -67 95 100 $
30 31 32 33 -18 19 -17 $
227 -226 211 212 213 214 215 216 196 197 198 199 200 201 220 -221 -222 223 224 225 $
-371 -4 -3 314 -315 316 317 318 319 117 118 119 120 121 122 123 124 125 $
-22 23 25 $
252 253 254 -356 113 $
-336 -329 -328 -327 -326 -325 -324 -323 -322 -320 -321 126 -240 64 63 $
150 151 152 255 256 257 258 259 264 265 266 $
-311 -310 -309 308 -307 305 306 415 $
291 292 293 294 $
431 432 433 434 435 436 437 -438 439 440 441 442 443 444 445 446 447 448 $
312 313 -430 -429 -428 -427 -37 -36 34 35 $
-302 295 $
-352 -353 $
-412 -411 $
203 204 -219 -218 -217 210 -301 -300 -299 -298 -297 -296 $
244 245 246 247 248 249 250 251 $
85 86 87 -88 89 90 91 92 -102 -101 $
421 422 423 424 425 426 418 420 -419 416 -417 286 $
-202 -228 229 230 231 -243 -242 -241 239 -128 -127 233 -234 235 236 -237 238 $
346 345 347 $
-93 -94 -66 -65 -81 -80 -79 -78 -77 -408 $
397 -386 387 390 391 392 -394 -393 395 396 1 388 -389 -385 381 382 383 384 -377 -270 -269 -268 -267 $
-335 -334 -333 -332 -331 -330 337 338 339 340 341 342 343 344 $
-28 287 288 289 290 149 -156 -155 -154 -153 -136 -135 -134 -133 -132 -131 $
-304 -303 378 -379 380 -8 -7 -6 -5 -376 -375 -374 -373 $
205 206 -209 -208 -207 -195 194 -369 -370 368 -367 -366 -365 -364 -16 -15 -14 -13 -12 -11 -10 -9 $
24 -21 -20 29 -27 -26 -402 -401 398 399 -403 $
-184 -407 -406 -405 -404 -400 185 186 187 188 189 190 191 192 178 179 180 181 182 -262 -261 260 -263 -410 -409 $
-285 -284 -283 -282 -276 275 -274 -281 -280 279 -278 -277 -273 -272 -271 137 138 139 140 -372 -2 $
-148 -147 -146 -145 -144 -143 -142 -141 350 -348 -349 351 359 360 361 362 -363 358 -357 354 355 -105 -104 -106 -112 -111 -110 -109 -108 -107 -103 $

>galGal2
-411 $
-408 $
385 391 392 -394 -393 395 396 397 $
-209 -208 -207 -378 205 206 381 382 383 384 379 -377 388 -389 $
2 $
-267 -266 269 -268 -270 $
-1 $
-149 -148 -147 $
-93 78 79 80 81 65 66 94 $
-22 23 24 17 $
-353 -356 -355 -354 351 358 -357 -362 -361 -360 -359 363 $
154 155 156 -153 $
390 -386 387 $
137 138 139 140 132 133 134 135 136 255 256 -258 -257 -263 144 145 146 -143 -142 242 243 264 265 259 $
304 $
-372 -371 -409 410 -375 -374 -373 376 $
-152 -151 -150 131 -260 261 262 $
-417 421 422 423 424 425 419 416 -420 -418 -426 $
211 -218 -217 210 -227 -226 -225 -224 -223 -222 -221 -220 -219 312 313 314 315 316 317 318 -429 -428 -427 -319 -311 305 306 415 -310 -309 430 308 91 88 89 90 85 86 87 19 -84 -83 -82 414 -436 -435 -434 -433 -432 -431 348 -350 -349 36 37 -344 -343 -342 -340 -341 -339 -338 -337 330 331 332 333 334 335 -336 -329 -328 -327 -326 -325 -324 -323 -322 -320 -321 -303 -302 307 $
-161 $
14 15 16 -21 18 -20 -13 -12 -11 -10 -9 3 4 5 6 7 8 $
-42 -62 -61 -95 -64 -63 -101 -100 102 -99 -98 -97 -96 $
440 441 -438 -444 437 -439 -443 -442 -448 -447 -446 -445 120 121 122 123 124 125 116 117 118 119 126 113 -115 -114 127 128 -239 -112 -111 -110 -109 -108 -107 -106 -105 -104 -103 $
296 297 298 299 300 301 -352 346 347 345 $
-288 -287 -286 -290 -289 -291 292 293 294 $
-55 -54 -53 -52 -51 -50 -49 56 57 58 59 60 -48 -41 -40 92 -39 -38 43 44 45 46 47 $
241 403 -404 -401 141 240 183 184 $
402 365 366 -194 195 -380 367 -368 370 369 364 -413 412 $
229 75 230 231 271 272 -285 -284 -283 -282 -281 -280 279 -278 -277 -276 275 -274 -273 212 213 214 215 216 196 197 198 199 67 68 69 70 71 72 73 74 -76 -77 -201 -200 -204 228 202 -407 -406 -160 -159 -158 -157 -130 -129 203 -405 400 -399 -398 244 245 246 247 248 249 250 251 -254 -253 -252 $
-35 -34 164 -27 -26 -25 163 -162 -29 28 -193 -192 -191 -190 -189 -188 -295 185 186 187 -182 -181 -180 -179 -178 -177 -176 -175 -174 -173 -172 -171 -170 -169 -168 -167 -166 -238 237 -236 -235 -234 -233 -232 30 31 32 33 -165 $

