>mm8
-593 -588 589 583 584 585 586 587 -597 -596 -595 -594 -826 832 -833 834 835 836 -333 334 335 336 337 338 -339 340 -341 342 -343 830 831 -843 -842 -841 -840 $
538 -605 604 611 612 613 614 615 $
781 782 783 784 785 786 -787 788 -665 -664 -103 -867 -868 200 201 202 203 -176 175 -174 173 -172 -171 -170 -169 -168 -167 -166 -165 -164 -163 -162 -161 862 863 864 865 $
-827 415 -417 -416 418 419 420 324 -323 322 -321 347 -356 -361 -360 -359 -358 -148 149 98 327 329 330 331 332 662 70 71 72 -328 829 $
-154 -153 -152 -151 -755 357 608 609 -610 603 -601 -602 757 746 -696 80 -710 -709 -708 -707 -706 705 -704 -703 -702 -701 -700 714 715 -716 -717 -718 719 720 721 722 723 724 725 726 727 -728 -729 730 731 732 733 734 735 736 737 738 $
-290 -289 -288 -287 -286 -285 -284 -283 -282 -281 526 527 -528 529 530 531 532 533 534 535 536 537 876 877 878 879 $
-69 -68 -67 -66 64 -63 65 -62 61 -60 -59 -58 -57 -56 -477 -476 -475 -474 -473 -472 -471 747 549 548 748 749 750 751 752 753 754 758 759 -424 -423 -422 $
-580 579 -578 -52 -433 -432 431 -430 -429 -355 -354 -353 -352 184 349 350 351 562 563 -348 -564 525 -320 -319 -318 -317 -316 -315 -314 -313 -312 -311 -310 -309 -308 -307 -306 -305 -304 -303 -302 -301 -300 -299 -298 -297 -296 -295 -294 -293 -292 -291 33 $
-414 -413 -412 -411 -410 -409 -408 407 -406 405 -404 -403 -399 -398 -397 -396 395 -394 -393 -392 -391 -390 -389 400 401 402 79 -607 -606 -847 -845 -844 846 689 690 691 692 693 694 873 -688 -687 -686 -685 -684 -683 -682 -681 -680 -679 -678 -677 -676 -675 -674 -673 -672 -671 -670 -669 -668 -667 666 $
434 435 436 437 438 439 -73 150 780 -346 345 -344 55 54 805 804 -803 -807 -806 808 809 810 811 -812 -818 813 814 815 -817 816 819 820 821 -823 -822 824 825 $
893 -894 895 -896 897 898 899 929 -930 931 932 933 934 935 -936 937 938 939 940 941 942 943 944 945 946 947 -949 -948 950 951 952 953 954 955 956 957 958 959 -928 -881 -892 -890 -889 -888 -887 891 886 900 903 904 -905 906 907 908 909 910 911 912 913 914 915 916 917 918 919 920 921 922 923 924 925 926 927 -902 -901 -882 -885 -884 $
742 743 -744 745 488 489 490 491 492 493 -494 711 712 -713 500 -499 -498 -497 495 496 -280 -279 -278 -277 -276 275 -274 -273 -272 -271 -270 -269 -268 -267 -266 -265 -264 -236 -263 262 848 874 875 -257 256 -255 -254 -253 -252 -251 798 799 800 801 802 -592 -591 -590 $
-651 -650 -649 -648 -647 -428 -653 -652 771 -770 -769 -768 -767 -765 -766 -362 378 379 380 381 382 -182 -181 -180 179 -178 147 -157 -156 -155 -158 159 $
503 504 -524 -523 -522 -521 -520 -519 -388 -387 -386 385 -384 -383 546 547 565 566 567 568 -569 570 571 572 573 -574 551 -552 553 -554 555 556 -557 558 -559 560 -561 539 540 541 542 543 544 -545 11 12 -10 -9 8 -7 -6 -5 -4 -3 -2 -1 $
464 -463 -462 -461 -460 -459 -458 -457 -456 -455 -454 -453 470 425 487 -828 871 872 204 -205 206 207 208 209 210 211 212 -213 214 -215 216 217 218 219 220 221 222 223 224 225 226 -227 228 20 21 22 23 24 880 -870 -869 695 441 442 443 -450 -449 -448 -447 -446 -445 -444 451 452 -469 -468 466 467 -697 $
465 421 478 479 480 481 482 483 484 485 486 426 427 440 229 230 231 -239 -238 -13 -75 160 143 144 145 146 600 -599 -598 866 -654 -656 -655 657 -658 659 660 661 663 $
-883 -849 850 789 621 622 623 624 625 626 -763 -762 -761 -760 -74 -779 773 -774 775 776 777 -778 772 640 -646 641 -645 -644 -643 619 620 790 -792 -791 -793 794 796 795 797 616 617 618 $
-502 -501 505 506 -377 -376 374 -375 -373 -372 -371 -370 -369 368 -367 366 -365 -364 -363 104 -102 -101 76 77 78 739 740 741 -135 -134 -133 -132 -131 -130 129 -128 -127 -126 136 137 138 139 140 141 142 325 -326 -91 94 -837 838 839 82 83 84 85 86 87 88 89 90 92 93 95 96 97 99 100 -81 105 106 107 108 109 -49 -34 48 -47 -46 -45 -44 -43 -42 -41 -40 -39 -38 -37 -36 -35 53 -234 51 -50 $
581 -582 -111 -110 756 577 -576 575 112 113 -114 115 116 117 118 119 120 121 122 123 -124 125 -639 642 -638 -637 -636 -635 -634 -633 -632 -631 -630 -629 -628 -627 764 852 853 854 -851 -855 856 857 858 859 860 861 $
507 508 -509 510 511 512 513 514 515 516 517 518 -185 -183 198 -197 -196 -195 193 194 199 177 240 241 -242 243 244 550 245 246 -247 248 249 250 -699 -698 186 187 188 189 190 191 192 -261 260 -259 -258 -32 -31 -30 -29 -28 -27 -26 -25 -237 -235 -233 -232 -19 -18 -17 -16 -15 -14 $

>monDom4
-925 -904 -903 931 932 933 934 935 936 937 938 954 955 956 957 958 959 945 946 947 -949 -948 950 951 952 953 -924 -923 -922 -921 -920 -919 -918 -917 -916 -915 -914 -913 -912 -929 -928 -927 -926 -902 $
663 664 665 -879 667 668 669 670 656 666 -671 -672 673 674 675 676 677 678 679 680 681 682 683 684 -878 685 686 687 688 689 690 691 692 693 694 873 874 875 876 -661 -660 -659 -658 655 -657 662 654 866 580 -461 -460 -459 -458 -457 -456 -455 -454 -453 470 471 472 473 474 475 476 477 478 479 480 481 482 483 484 485 486 487 578 579 -597 -596 -595 -594 -593 -592 -591 -590 -589 588 -587 -586 -585 -584 -583 582 -581 462 463 464 147 148 149 150 151 152 153 154 155 156 157 -159 -427 -426 -425 -424 -423 -422 421 $
862 -863 -865 -864 -899 -898 -897 -896 -895 -894 -893 -892 890 -889 -888 -887 891 -886 -173 -172 -171 -170 -169 174 -175 176 178 179 180 181 104 -102 -101 -100 -99 -98 -97 -96 -95 -94 -93 -92 -91 -90 -89 -88 -87 -86 -85 -84 -83 -82 -81 105 106 107 108 109 110 111 112 113 114 115 116 117 118 119 120 121 122 123 -124 125 126 127 128 129 130 131 132 133 134 135 136 -651 -650 -649 -647 652 653 -80 -696 697 698 699 713 -712 -711 -710 -709 -708 -648 -643 619 -6 -4 -3 1 355 640 -646 641 -645 -644 -7 $
-242 -241 -240 -239 -238 -237 -235 -496 -495 228 -232 -231 -230 -229 233 -280 -279 -278 -277 -276 -275 -274 -273 -272 -271 -270 -269 -268 -267 -266 -265 -264 -236 -263 262 -261 -260 -259 -258 -257 -256 -255 -254 -253 -252 -251 -250 -249 -248 -247 -246 -245 -550 -244 -243 227 -226 -225 -224 -223 -222 -221 -220 -219 -218 -217 -216 -215 -214 -213 -212 -211 -210 -209 -208 -207 -206 205 -204 -75 -620 621 622 623 624 625 626 627 628 629 630 631 632 633 634 635 636 637 638 642 639 $
-342 -341 -340 339 -338 -337 -336 -138 -564 541 542 543 544 545 546 547 789 790 -792 -791 -793 794 796 795 466 -805 -804 538 -788 787 -900 781 782 783 784 785 786 -561 -560 -559 -558 -557 -556 -555 -554 -553 -552 -551 -2 780 160 143 144 145 146 -177 -440 -439 -438 -437 -436 -435 -434 -158 429 430 428 $
930 161 162 163 164 165 166 -167 168 -885 -884 -883 -882 -881 -880 -763 -762 -761 -760 76 77 78 79 -745 744 -743 -742 -741 -740 -739 -738 -737 -736 -735 -734 -733 -732 -731 -730 726 727 728 729 716 -715 -714 700 701 702 703 704 -705 706 707 137 -725 -724 -723 -722 -721 -720 -719 -718 717 196 197 -198 199 -188 -187 -186 -185 -184 -183 -182 -140 -139 -195 -194 -193 -190 -189 141 142 -201 -200 -192 -191 $
-568 -567 -566 -565 -540 -539 797 911 906 907 908 909 910 939 940 941 942 943 944 -433 -432 -431 901 18 -905 -203 -202 -465 -618 877 5 $
616 -605 604 -771 600 -599 -778 -598 -607 -606 608 609 -610 602 601 -603 -612 -611 -615 -614 -613 772 -777 -776 -775 -774 -773 779 74 769 770 -768 746 765 766 767 764 -750 -749 -748 -548 -549 -747 756 757 -753 -752 -755 754 751 -759 -758 344 345 346 347 348 -343 -856 -855 -575 -574 -573 -572 -571 -570 569 -851 -850 849 798 799 576 577 -861 -860 -859 -858 -857 70 71 72 800 801 802 -66 -65 -64 -63 -62 -61 -60 -59 -58 -57 -56 488 489 490 491 492 493 -494 497 498 499 500 -854 -853 -852 -73 68 67 -69 $
-10 -9 -8 617 -24 -23 -22 -21 -20 -17 -16 -15 -14 -13 -12 -11 19 36 37 38 39 40 41 42 43 44 45 46 47 -48 34 49 50 51 234 -53 -52 -35 -818 -814 -813 815 -817 816 819 820 -825 -824 822 823 -821 803 356 357 358 467 468 54 55 359 360 361 362 363 364 365 -366 367 -368 369 370 371 372 373 374 375 376 377 378 379 380 381 382 383 384 385 386 387 388 389 390 391 392 393 394 395 396 397 398 399 400 401 402 403 404 405 406 407 408 409 410 411 412 413 414 415 416 417 418 419 420 25 26 27 28 29 30 31 32 812 -811 -810 -809 -808 -443 -442 -441 -450 -449 -448 -447 -446 -445 -444 451 452 806 807 469 $
-563 -562 325 326 327 291 292 293 294 295 296 297 298 299 300 301 -332 -331 -330 -329 -328 302 321 322 323 324 -335 333 334 -836 -835 -834 281 282 283 284 285 -518 -517 -516 -515 -514 -513 -512 -511 -510 -509 -508 -507 -506 -505 -504 -503 -502 -501 -320 -319 -318 -317 -316 -315 -314 -313 -312 -311 -310 -309 -308 -307 -306 -305 -304 -303 33 -290 -289 -288 -287 -286 -833 -832 826 827 828 829 830 831 837 838 839 840 841 842 843 -354 -353 -352 -351 -350 349 519 520 521 522 523 524 525 526 527 528 529 530 531 532 533 534 535 536 537 846 844 847 848 -845 695 871 872 868 867 103 869 870 $

>hg18
760 761 762 763 764 765 766 767 768 769 770 771 772 773 774 775 776 777 778 779 $
826 827 828 829 830 831 832 833 834 835 836 837 838 839 840 841 842 843 $
844 845 846 847 848 849 850 $
780 781 782 783 784 785 786 787 788 789 790 791 792 793 794 795 796 797 798 799 800 801 802 $
803 804 805 806 807 808 809 810 811 812 813 814 815 816 817 818 819 820 821 822 823 824 825 $
746 747 748 749 750 751 752 753 754 755 756 757 758 759 $
851 852 853 854 855 856 857 858 859 860 861 $
654 655 656 657 658 659 660 661 662 663 664 665 666 667 668 669 670 671 672 673 674 675 676 677 678 679 680 681 682 683 684 685 686 687 688 689 690 691 692 693 694 695 $
696 697 698 699 700 701 702 703 704 705 706 707 708 709 710 711 712 713 714 715 716 717 718 719 720 721 722 723 724 725 726 727 728 729 730 731 732 733 734 735 736 737 738 739 740 741 742 743 744 745 $
578 579 580 581 582 583 584 585 586 587 588 589 590 591 592 593 594 595 596 597 598 599 600 601 602 603 604 605 606 607 608 609 610 611 612 613 614 615 616 617 $
618 619 620 621 622 623 624 625 626 627 628 629 630 631 632 633 634 635 636 637 638 639 640 641 642 643 644 645 646 647 648 649 650 651 652 653 $
880 881 882 883 884 885 886 887 888 889 890 891 892 893 894 895 896 897 898 899 900 901 902 903 904 905 906 907 908 909 910 911 912 913 914 915 916 917 918 919 920 921 922 923 924 925 926 927 928 929 930 931 932 933 934 935 936 937 938 939 940 941 942 943 944 945 946 947 948 949 950 951 952 953 954 955 956 957 958 959 $
1 2 3 4 5 6 7 8 9 10 11 12 13 14 15 16 17 18 19 20 21 22 23 24 25 26 27 28 29 30 31 32 33 34 35 36 37 38 39 40 41 42 43 44 45 46 47 48 49 50 51 52 53 54 55 $
488 489 490 491 492 493 494 495 496 497 498 499 500 501 502 503 504 505 506 507 508 509 510 511 512 513 514 515 516 517 518 519 520 521 522 523 524 525 526 527 528 529 530 531 532 533 534 535 536 537 $
538 539 540 541 542 543 544 545 546 547 548 549 550 551 552 553 554 555 556 557 558 559 560 561 562 563 564 565 566 567 568 569 570 571 572 573 574 575 576 577 $
866 867 868 869 870 871 872 873 874 875 876 877 878 879 $
204 205 206 207 208 209 210 211 212 213 214 215 216 217 218 219 220 221 222 223 224 225 226 227 228 229 230 231 232 233 234 235 236 237 238 239 240 241 242 243 244 245 246 247 248 249 250 251 252 253 254 255 256 257 258 259 260 261 262 263 264 265 266 267 268 269 270 271 272 273 274 275 276 277 278 279 280 $
281 282 283 284 285 286 287 288 289 290 291 292 293 294 295 296 297 298 299 300 301 302 303 304 305 306 307 308 309 310 311 312 313 314 315 316 317 318 319 320 321 322 323 324 325 326 327 328 329 330 331 332 333 334 335 336 337 338 339 340 341 342 343 344 345 346 347 348 $
349 350 351 352 353 354 355 356 357 358 359 360 361 362 363 364 365 366 367 368 369 370 371 372 373 374 375 376 377 378 379 380 381 382 383 384 385 386 387 388 389 390 391 392 393 394 395 396 397 398 399 400 401 402 403 404 405 406 407 408 409 410 411 412 413 414 415 416 417 418 419 420 $
421 422 423 424 425 426 427 428 429 430 431 432 433 434 435 436 437 438 439 440 441 442 443 444 445 446 447 448 449 450 451 452 453 454 455 456 457 458 459 460 461 462 463 464 465 466 467 468 469 470 471 472 473 474 475 476 477 478 479 480 481 482 483 484 485 486 487 $
862 863 864 865 $
56 57 58 59 60 61 62 63 64 65 66 67 68 69 70 71 72 73 74 75 76 77 78 79 80 81 82 83 84 85 86 87 88 89 90 91 92 93 94 95 96 97 98 99 100 101 102 103 104 105 106 107 108 109 110 111 112 113 114 115 116 117 118 119 120 121 122 123 124 125 126 127 128 129 130 131 132 133 134 135 136 137 138 139 140 141 142 $
143 144 145 146 147 148 149 150 151 152 153 154 155 156 157 158 159 160 161 162 163 164 165 166 167 168 169 170 171 172 173 174 175 176 177 178 179 180 181 182 183 184 185 186 187 188 189 190 191 192 193 194 195 196 197 198 199 200 201 202 203 $

>rn3
-608 -358 -357 755 150 151 152 -153 154 756 757 746 -696 80 -710 -709 -708 707 -706 705 -704 -702 -703 -700 714 -701 715 -716 -717 718 719 721 720 722 -723 724 -725 727 726 -728 -729 730 731 732 733 735 734 736 -737 738 $
958 -826 832 833 -834 -835 836 -333 334 335 -336 337 338 -339 340 341 342 -343 830 -831 843 -841 -842 -840 $
874 875 799 -798 251 252 -253 -254 -255 256 257 800 802 801 52 -592 -591 590 $
609 -610 603 -601 -602 -848 -262 236 264 -263 -265 266 268 -267 269 -270 271 272 273 274 275 276 277 278 -279 280 -496 -495 -497 498 499 -500 713 -712 -711 494 493 -492 -491 -490 -489 -488 -745 744 743 $
564 348 -563 562 -350 -351 -349 352 -353 -354 355 430 429 -431 432 433 588 593 589 583 584 586 -585 587 -597 -596 595 -594 578 -579 580 581 -582 $
-204 21 23 -22 24 20 -228 227 -226 -225 -224 -223 222 -221 -220 -219 217 -216 215 -214 -213 -212 -211 210 -209 208 -207 619 -206 205 -872 -871 434 435 436 437 438 439 -73 $
356 606 -607 400 401 402 -79 399 -398 -397 -396 395 -393 -394 -392 -389 -391 -390 $
-697 466 467 -468 469 -452 445 -451 444 -446 447 448 449 450 -443 441 442 695 869 -870 -880 $
91 -90 -84 86 -100 -837 -838 839 83 87 -85 82 88 89 92 93 94 95 96 97 98 99 81 105 106 -107 108 109 -49 -34 48 -47 -46 -45 -44 -43 -42 41 -40 39 -37 -38 -36 -35 53 -234 51 -50 $
786 -788 784 -787 -785 -783 -781 -782 -780 -347 -346 -345 -344 55 54 805 804 -803 -806 807 808 809 810 811 -812 -818 814 813 815 -817 816 819 -820 821 -823 -822 824 825 $
165 -164 -162 -163 -161 862 863 865 864 166 167 168 169 170 171 -172 -173 174 -175 -176 -203 -202 -201 -200 868 867 103 664 -665 $
-938 -937 936 -935 -934 -933 -931 -932 930 929 -899 -898 -897 -896 -895 -894 -893 -928 -927 -926 -925 -902 -901 -882 883 885 884 881 -892 -890 -889 -888 -887 891 -886 900 903 904 -905 906 907 908 909 910 911 912 -913 914 915 916 917 918 919 920 921 922 923 924 939 -940 941 942 943 -944 946 -945 947 -949 -948 -950 951 952 953 -954 -955 956 957 -959 $
-650 -649 -648 -647 -428 -653 652 771 -769 -770 768 -767 -766 -765 -362 378 -379 380 381 382 -182 181 -180 178 179 -147 159 -157 156 -155 -158 $
-149 -148 359 -361 360 377 -376 -375 -374 -373 -372 370 -371 -369 368 -367 366 -365 -364 -363 104 -102 -101 -77 76 78 739 740 741 742 126 127 128 129 -130 131 133 132 134 135 136 137 138 139 -140 141 142 -325 326 -327 328 329 331 330 332 662 -829 -828 -827 $
-487 -425 -470 453 218 454 455 456 457 458 459 461 460 -462 463 -464 465 421 -478 479 480 481 482 483 484 485 486 427 426 -440 229 -230 231 -239 -238 -13 -75 160 143 144 145 -146 600 -599 -598 866 -654 -656 -655 -657 -658 659 660 661 663 $
-506 -505 501 502 503 504 -524 -523 522 -520 -521 -519 -388 387 -386 385 -384 -383 546 547 567 565 566 568 -569 570 572 571 573 574 551 552 553 -554 555 556 557 558 -559 560 -561 539 -540 -541 542 543 -544 545 11 12 -10 -9 8 7 -6 5 -4 -3 -2 -1 $
-72 -71 70 -69 -68 67 66 63 64 65 -62 61 -60 -57 -59 -58 -56 -477 476 -475 -474 -473 -472 -471 747 549 548 748 -749 750 751 753 752 754 758 -759 -424 -423 -422 $
-651 -846 844 845 847 -873 -694 -693 -691 -692 -690 -689 -688 687 -685 686 -684 -683 -682 681 -680 -679 -678 -677 -676 -674 -675 673 -672 668 -669 -671 -670 -667 666 525 526 527 -528 529 -530 531 -532 533 534 535 536 537 876 -878 877 -879 $
-411 408 409 410 403 404 405 406 407 412 413 414 415 416 -418 -417 419 420 -324 -323 322 -321 -849 850 789 624 621 -622 623 625 626 -763 -762 -761 -760 -74 779 773 774 -775 -776 -777 -778 772 640 -646 641 -645 -644 -643 -620 790 -792 -791 -793 794 796 795 797 -616 617 618 538 -605 604 611 -612 -613 614 615 $
-320 -319 -318 -317 -316 -315 314 -313 312 -310 -311 -309 -308 -307 -306 -304 -305 303 -302 -300 299 301 -298 -297 -296 -295 -293 -294 -292 -291 33 -290 -288 -289 -287 -286 -284 -285 -283 -282 -281 -518 -517 -516 -515 -513 -514 -512 -511 -510 -509 -508 -507 -185 -184 -183 198 -197 196 193 -195 -194 -199 177 240 -241 -242 243 244 245 550 246 -247 248 249 250 -699 -698 186 188 187 190 191 189 192 -261 260 -259 -258 -32 -31 30 -28 -29 -27 -26 -25 -237 -235 -233 -232 19 18 -16 17 -15 -14 $
-111 -110 577 -576 575 -112 -113 -114 115 116 -117 118 -119 120 121 123 122 -124 125 -639 642 -638 637 636 -635 634 -633 -630 -632 631 628 629 -627 -764 852 853 854 -851 855 -856 858 857 859 861 860 $

>canFam2
-281 199 200 191 192 193 194 195 196 197 -198 $
349 350 351 352 353 354 355 356 $
116 117 118 119 120 121 122 123 -124 125 $
126 127 128 129 130 131 132 133 134 -135 136 137 139 140 489 $
-409 357 358 359 360 361 362 -363 364 365 -366 367 -368 369 370 371 372 373 374 375 376 377 378 379 380 381 382 383 384 385 386 387 388 389 390 391 392 393 394 395 396 397 398 $
-164 -163 -162 -161 862 863 864 865 $
229 230 231 232 233 235 237 238 $
-252 -251 -250 249 -248 -247 -246 -245 -550 -244 243 -242 -241 -240 -239 104 -102 -101 -100 -99 -98 -97 -96 -95 -94 -93 -92 -91 -90 -89 -88 -87 -86 -85 -84 -83 -82 -81 105 106 107 108 109 110 111 112 113 114 115 $
854 -159 158 -157 -156 -155 -154 -153 -152 151 -150 -149 -148 -147 178 179 180 181 182 183 184 185 186 187 188 189 190 201 $
56 57 58 59 60 61 62 63 64 65 66 67 68 69 70 71 72 -75 $
-55 481 482 -480 459 460 461 462 463 464 465 421 422 423 424 425 426 427 428 472 -473 -474 475 476 477 478 479 $
-177 -146 -145 144 -143 -160 -848 -847 -846 845 -844 $
-48 34 -42 -41 -35 -50 $
-695 869 870 871 872 -868 867 103 -605 604 $
712 -713 -699 -698 -697 696 80 267 268 269 270 488 142 141 $
336 337 338 -339 340 -341 342 539 540 -138 541 542 -543 544 545 546 547 565 566 567 568 -569 570 571 572 573 574 575 $
501 502 503 504 505 506 507 508 509 510 511 512 513 514 515 516 517 -518 519 520 521 522 -523 524 525 526 $
601 -603 600 -599 598 611 612 613 614 615 616 617 $
880 881 882 883 884 885 886 887 888 889 890 891 892 893 894 895 896 -897 898 899 900 901 902 903 904 905 906 907 908 909 -910 911 912 913 914 915 916 917 -918 919 -922 921 -920 923 -924 925 926 927 928 929 930 931 932 933 934 935 936 937 938 939 940 941 942 943 944 945 946 947 949 -948 950 951 952 953 954 955 956 957 958 959 $
666 667 668 669 670 671 -672 673 674 675 676 -879 -878 -877 -876 -875 -874 -873 -694 -693 -692 -691 -690 -79 -78 -77 -76 73 $
-647 640 -646 641 -645 -644 -643 619 620 621 622 623 624 625 626 $
764 765 766 767 768 769 770 $
853 -852 -851 855 856 857 858 859 860 861 $
-665 -664 -663 -661 -660 -659 -658 -657 -656 -655 662 654 866 $
527 528 529 530 531 532 533 534 535 536 537 -771 -205 223 224 226 -227 228 $
438 439 440 -433 -432 -431 -430 -429 -471 -470 453 454 455 456 457 458 -638 -637 -636 -635 -634 -633 -632 -631 -630 -629 -628 -627 -639 642 618 $
-798 -10 -9 -8 677 -679 -678 680 681 682 683 684 685 686 687 688 689 253 254 255 256 257 258 259 260 261 -262 263 236 264 265 266 $
165 166 -167 168 -170 -169 171 172 173 174 -175 176 -203 -202 $
-437 -436 -435 484 -485 434 -483 486 487 -500 -499 -498 -497 495 496 -280 -279 -278 -277 -276 -275 273 -274 -272 -271 490 -491 492 493 -494 $
54 746 747 549 548 748 749 750 751 752 753 754 755 756 757 758 759 $
-824 825 -816 817 -815 819 820 821 -823 -822 2 -814 -813 818 812 -811 -810 -809 -808 806 807 577 -576 $
-711 -710 -709 -708 -707 -706 705 -704 -703 -702 -701 -700 714 715 -716 -717 718 719 720 721 722 723 724 725 726 727 728 729 730 731 732 733 734 735 736 737 738 739 740 741 742 743 -744 -745 $
-52 606 607 608 609 -610 602 335 -348 -347 -346 -345 -344 -343 -295 -294 -293 -292 -291 33 -290 -289 -288 -287 -286 -285 -284 -283 -282 $
-653 -652 -651 -650 -649 -648 803 804 805 -13 -12 -11 1 -802 -801 -800 $
441 442 443 -450 -449 -448 -447 -446 -445 -444 451 452 -469 -468 -467 466 -797 -795 -796 -794 793 791 792 -790 -789 -788 787 -786 -785 -784 -783 -782 -781 -780 -32 225 -31 -30 -29 -28 -27 -26 -25 -24 -23 -22 -21 -20 -19 -18 -17 -16 15 -14 $
-46 -47 -45 -44 49 40 -43 -39 -38 -37 -36 53 -234 -51 -836 -835 -834 -833 -832 826 827 828 829 830 $
-410 -843 -842 -841 -840 -839 -838 -837 -831 411 412 413 414 415 416 417 418 419 420 399 400 401 402 403 404 405 406 407 408 -561 -560 -559 -558 -557 -556 -555 -554 -553 -552 551 538 -563 -562 -564 -850 -849 $
-597 596 -595 -594 -593 -592 -591 -590 -583 582 581 -589 588 -587 -586 -585 -584 -580 -579 -578 296 297 298 299 300 301 -799 -7 -6 -5 -4 -3 $
-334 -333 -332 -331 -330 -329 -328 -327 -326 -325 -324 -323 -322 -321 -320 -319 -318 -317 -316 -315 -314 -313 -312 -311 -310 -309 -308 -307 -306 -305 -304 -303 -302 763 -762 -761 -760 -74 -779 773 774 775 776 777 -778 772 -207 -206 -222 -221 -220 -219 -218 -217 -216 -215 -214 -213 -212 -211 -210 -209 -208 -204 $

>galGal2
-856 855 857 858 859 860 861 -322 -851 $
847 -846 564 -848 $
46 47 45 $
-450 -449 -448 -447 -446 -445 -444 451 452 469 -811 441 442 443 806 807 818 812 $
-55 -356 $
-75 $
-4 -3 -1 5 -2 $
695 869 870 -868 867 103 -872 -871 $
-902 -177 160 143 144 145 146 $
-48 34 49 32 $
-764 -639 -771 -74 -768 -767 -766 -765 772 -777 -776 -775 -774 -773 779 769 770 778 $
652 653 -80 $
815 819 -816 817 $
787 -900 781 782 783 784 785 786 -466 -805 -804 797 788 789 790 -792 -791 -793 796 795 780 -580 -360 -854 $
296 297 298 299 300 301 288 289 290 -33 291 292 293 294 302 539 540 -542 -541 138 -562 325 326 -324 -323 -321 565 567 568 303 304 305 306 307 308 309 310 311 544 $
315 316 318 319 320 $
-799 746 -798 -849 850 800 801 802 $
538 -545 546 547 -341 -340 339 338 -337 -336 286 287 -551 552 553 554 555 556 557 558 559 560 561 $
-343 347 348 -346 -345 -344 $
-803 808 809 810 820 821 -823 -822 824 825 $
836 $
-335 -334 -333 -332 -331 -330 -329 -328 -327 $
-814 -813 $
7 $
27 28 29 30 31 -44 -43 -42 -41 -39 -38 -37 -36 566 40 -26 -25 -24 -23 -22 -21 -20 -19 -18 8 9 10 11 12 13 14 15 16 17 $
-468 101 102 -104 -182 -140 -139 -181 -180 -179 -142 -141 183 184 185 -203 -202 -201 -200 -198 -197 -196 -195 -194 -193 -192 -191 -190 -189 -188 -187 -186 $
-575 -576 -574 -573 -572 -571 -570 569 577 $
-910 -904 -903 927 928 929 543 945 946 947 -924 -923 -922 -921 -920 -919 -918 -917 -916 -915 -914 -913 -912 -911 -953 -952 -951 -950 948 949 -959 905 906 907 908 909 -926 -925 -944 -943 -942 -941 -940 -939 -938 -937 -936 -467 -935 -934 -933 -932 -931 -930 -958 -957 -956 -955 -954 258 259 260 261 -262 263 236 264 265 266 267 268 243 244 550 245 246 -247 248 249 250 251 252 253 254 255 256 257 229 230 231 -277 -276 -275 -274 -273 -272 269 270 271 228 -227 -242 -241 -240 -239 -238 -237 -235 -233 232 278 279 280 -496 -495 -226 -225 -224 -223 -222 -221 -220 -219 -218 -217 -216 -215 -214 -213 -212 -211 -209 -208 -207 -206 205 -204 $
-626 -625 -624 -623 -622 -621 54 620 633 634 635 636 637 638 747 549 548 748 749 750 751 752 753 758 759 -757 -756 755 -754 $
603 610 -607 -606 -604 605 -608 -609 599 -600 602 601 611 -612 613 614 615 616 $
-127 -126 -125 -124 -123 -122 128 129 130 131 132 133 134 135 136 137 -121 -120 -119 -118 -117 -116 -100 -99 -98 -97 -96 -95 -94 -93 -92 -91 -90 -89 -88 -87 -86 -85 -84 -83 -82 -178 -81 105 106 107 108 109 110 111 112 113 114 115 $
342 -656 -835 -834 -35 312 313 -500 -499 -498 -497 409 410 -199 618 794 -317 -845 -844 631 -617 6 -210 -486 -563 632 -314 642 -52 295 598 $
901 457 458 459 460 461 -470 453 454 455 456 -482 481 -480 -479 -478 -477 -476 -475 -474 -473 -472 -471 666 667 668 669 670 671 672 673 674 675 676 677 -708 678 679 680 681 682 683 684 685 686 687 -355 657 -878 -877 -876 -875 -874 -873 -694 -693 -692 -691 -690 -689 -688 484 -483 -665 -664 -663 662 654 866 658 659 660 -661 879 176 175 -174 169 170 171 172 173 165 166 167 168 -164 -163 -162 -161 862 863 864 865 -899 -898 -897 -896 -895 -894 -893 -892 890 -889 -888 -887 891 -886 -885 -884 -883 -882 -881 -880 -763 -762 -761 -760 76 77 78 79 -745 744 -743 -742 -741 -740 -739 -738 -737 -736 -735 -734 -733 -732 -731 -730 -729 -727 -726 -725 -724 -728 -723 -722 -721 -720 -719 -718 717 716 -715 -714 700 701 702 703 704 -705 706 707 709 710 711 712 -713 -699 -698 -697 696 -651 -650 -649 -648 -647 640 -646 641 -645 -644 655 -643 -619 $
-434 158 487 578 579 -597 -596 -595 -594 -593 -592 -591 -590 -589 588 -587 -586 -585 -584 -583 582 -581 462 463 464 465 421 422 423 424 425 426 427 148 149 150 151 152 153 154 155 156 157 -159 -147 -428 429 430 431 432 433 -440 485 435 436 437 -843 -354 -353 -352 -351 -350 349 -285 -284 -283 -282 -281 438 439 -842 -841 -840 -839 -838 -837 830 831 829 -828 -827 -826 832 833 501 502 503 504 505 506 507 508 509 510 511 512 513 514 515 516 -517 518 519 520 521 522 523 524 525 526 527 -529 -528 -537 -536 -535 -534 -533 -532 -531 -530 $
-73 -853 -852 361 -51 -50 359 -358 -357 -70 -72 -71 234 -53 -420 -419 -418 -417 -416 630 -629 -628 -627 411 412 413 414 415 -408 -407 -406 -405 -404 -403 -402 -401 -400 -399 -398 -397 -396 -395 -394 -393 -392 -391 -390 -389 -388 -387 -386 -385 -384 -383 -382 -381 -380 -379 -378 -377 -376 -375 -374 -373 -372 -371 -370 -369 -368 -367 366 -365 -364 -363 -362 494 -493 -492 -491 -490 -489 -488 56 57 58 59 60 61 62 63 64 65 66 67 68 69 $

