>mm8
105 -106 107 103 104 -109 46 149 150 -152 -151 $
91 113 114 115 $
-82 -159 32 -33 -27 -26 $
60 -63 -61 -62 64 65 48 157 20 148 $
24 -21 111 112 19 -110 119 122 -79 $
90 $
13 -12 -74 -75 123 -77 -67 $
-10 -93 92 94 -43 -42 -41 $
-59 -58 -57 -55 56 14 118 162 $
49 47 -9 140 138 139 -141 142 -143 144 -145 146 147 $
164 $
78 -81 80 -40 154 153 163 -39 -38 136 137 -108 $
128 129 -51 53 -130 -22 23 $
84 -89 -85 -54 2 -1 $
-72 -71 -70 73 76 34 35 36 -161 -160 -68 69 66 120 $
-37 25 -117 158 $
155 -124 -126 125 133 -134 132 -131 -135 $
-83 87 50 -52 18 44 -45 15 16 -5 -4 11 8 -7 -6 $
101 102 100 99 -98 97 95 96 17 -116 -127 -156 $
88 86 -30 28 29 31 -121 -3 $

>monDom4
118 162 163 117 158 -70 73 74 75 76 77 -109 -108 -107 106 -105 -104 -103 -102 -101 71 72 23 19 20 21 22 -67 $
157 33 -15 16 17 18 119 120 121 -122 $
-37 -80 -40 -39 -38 -36 -35 -34 116 $
94 -135 66 24 25 -93 $
26 27 -164 -124 14 31 -30 -29 -28 -140 $
-9 -91 -32 $
113 -129 111 112 110 -114 -115 132 -131 -130 134 -133 -125 126 128 -127 123 47 48 49 -96 -95 -156 -155 136 97 98 99 -100 -13 -12 78 81 -79 -137 $
-1 -2 4 5 6 7 8 -11 -10 144 143 -147 -146 145 50 51 52 53 54 55 56 57 58 59 60 61 62 63 64 65 3 -142 141 -68 -139 -138 -69 $
-92 44 45 41 42 43 46 151 152 -88 -87 -86 -85 -84 -83 -82 148 149 150 89 90 153 154 160 159 161 $

>hg18
124 125 126 127 128 129 130 131 132 133 134 $
148 149 150 151 152 $
153 154 155 $
135 136 137 $
138 139 140 141 142 143 144 145 146 147 $
123 $
156 $
117 118 $
119 120 121 122 $
101 102 103 104 105 106 107 108 109 110 111 112 113 114 115 $
116 $
164 $
1 2 3 4 5 6 7 8 9 10 11 $
78 79 80 81 82 83 84 85 86 87 88 89 90 $
91 92 93 94 95 96 97 98 99 100 $
158 159 160 161 162 163 $
34 35 36 37 38 39 40 $
41 42 43 44 45 46 47 48 49 $
50 51 52 53 54 55 56 57 58 59 60 61 62 63 64 65 $
66 67 68 69 70 71 72 73 74 75 76 77 $
157 $
12 13 14 15 16 17 18 $
19 20 21 22 23 24 25 26 27 28 29 30 31 32 33 $

>rn3
157 56 -14 -55 $
46 149 -150 -152 -151 $
-137 163 -160 -136 38 39 -108 $
112 19 -110 -153 154 40 -80 81 -78 $
-94 -92 93 -107 106 -105 103 104 -109 10 101 102 $
-36 -35 -34 $
-111 21 -24 119 122 -79 $
-120 -66 -69 68 161 $
15 16 -5 -4 11 8 -7 -6 $
-49 -48 47 -9 140 138 141 142 -139 -143 144 -145 146 147 $
-27 -26 33 -32 159 82 $
164 $
128 129 -51 53 -130 -22 23 $
-20 50 -52 18 44 45 -148 $
-76 -73 70 -71 72 -37 25 -117 158 $
-87 83 84 -89 -85 -54 2 -1 $
13 -12 -74 -75 123 -77 -67 $
-162 -118 90 $
58 57 59 60 61 62 -63 64 65 155 -124 -126 125 133 -134 132 -131 -135 91 113 -114 115 $
-43 -41 -42 -88 86 28 -30 -29 31 -121 -3 $
100 99 -98 97 95 96 17 -116 -127 -156 $

>canFam2
31 28 29 30 $
18 $
-1 39 40 $
114 -115 $
-26 157 $
-74 -73 $
-38 -37 -15 16 17 $
-22 -21 -20 -19 $
12 13 -3 $
-9 70 71 72 67 75 $
-25 -24 -23 -154 -153 $
50 51 52 53 54 55 65 $
82 83 84 85 86 87 88 89 90 $
-163 -162 -118 -14 $
91 95 $
117 158 $
78 $
164 $
-121 -120 -119 -79 $
116 $
-127 128 -129 $
-156 $
4 6 $
27 33 -32 $
160 161 -159 113 $
76 77 -81 80 $
123 $
147 -145 146 -144 143 -142 141 -139 -138 -100 99 -98 -97 -96 $
-122 $
-10 111 112 110 -49 -48 -47 -43 -42 -41 $
-140 -2 -137 $
-68 69 -66 135 $
5 11 -8 -7 -151 148 149 -152 $
-150 59 60 61 62 63 64 56 57 58 -94 -92 -93 -155 $
-109 -108 -103 -102 -107 106 -105 -104 -101 -136 $
-46 -45 -44 -124 -126 125 133 -134 132 -131 -130 -34 -35 -36 $

>galGal2
-156 $
-154 -153 $
142 -145 146 147 $
-68 -69 141 -139 -138 -144 143 140 $
-96 -95 100 -99 -98 -97 $
151 66 -135 $
-46 $
-93 24 25 $
4 5 3 $
-129 -126 125 128 132 -131 -130 -133 134 $
-136 155 -137 $
41 42 43 91 -92 44 45 $
94 $
48 49 -47 $
159 160 161 $
1 2 $
-32 -33 -31 -30 -29 -28 $
40 38 39 -37 -80 -36 -35 -34 $
-127 123 $
-112 -111 110 113 -114 115 $
-18 -15 16 17 $
81 152 $
70 -74 -73 -75 -163 -162 -118 117 158 27 -26 157 -164 -124 14 122 -121 -120 -119 $
-9 76 77 -109 -108 -107 106 -105 -104 -103 -102 -101 71 72 67 19 20 21 22 -23 149 150 -148 -82 83 84 85 86 87 88 89 90 $
-8 -7 -6 -11 -10 -65 -64 -63 -62 -61 -116 59 60 -58 -57 -56 -55 -54 -53 -52 -51 -78 12 13 79 -50 $

