>mm8
-373 368 -369 370 366 367 -374 -528 532 533 215 216 217 -218 219 -220 534 531 -538 -537 $
-377 376 380 381 382 383 384 385 386 387 388 $
486 487 488 489 -490 491 -418 -417 553 -552 142 143 144 145 -130 129 -128 -127 -126 -125 -124 -123 -122 -121 -120 -119 -118 -117 -116 -115 -114 -113 -112 -111 -110 548 549 $
263 -264 267 -266 -265 268 269 207 -206 222 550 -232 -231 -230 -58 211 212 214 -213 530 $
105 -97 -96 -95 -94 -462 229 379 375 432 -446 -431 -445 -444 -443 -442 -441 -440 449 450 451 452 453 -454 455 456 $
-193 -192 -191 -190 -189 342 343 344 345 564 565 $
-54 -53 -52 -51 49 -48 50 -47 46 -45 -301 -306 -305 -304 -303 -302 459 460 461 463 -314 -274 -273 $
363 -362 -279 -228 -227 225 226 355 356 -224 341 -205 -204 -203 -202 -201 -200 -199 -198 -197 -196 -195 -194 $
-262 -261 -260 -259 -258 256 -255 -254 -253 -252 251 -250 -249 -248 -247 -246 -245 -244 257 59 -378 554 556 -555 -540 -539 427 428 429 430 563 -426 -425 -424 -423 -422 -421 -420 -419 $
280 281 282 -57 -56 -55 223 485 221 509 508 507 -513 -512 -511 -510 514 521 -520 515 516 -518 517 519 522 523 524 -525 526 527 $
570 -571 572 580 -581 582 583 584 585 586 587 -588 589 590 591 592 593 594 595 596 597 598 599 600 -579 -566 573 574 575 576 577 578 -567 -569 -568 $
457 458 315 316 317 318 319 -320 447 -448 -325 324 321 -188 -187 -186 185 -184 -183 -182 -181 -180 -179 -178 -177 -176 175 322 323 541 -172 171 -170 -169 -168 -167 -166 -165 496 497 498 499 500 501 502 503 504 505 506 -372 -371 $
-408 -278 -409 473 474 471 -470 -469 -468 -234 -233 240 241 242 243 472 -134 -133 132 -101 -100 -99 -98 -102 103 104 $
326 -340 -339 -338 -337 -336 327 357 358 352 -353 -354 346 347 348 349 -350 351 5 6 -4 -3 -2 -1 $
-299 298 -297 -296 -295 -294 300 275 -529 562 146 147 148 -149 150 151 152 153 154 155 156 157 158 14 15 16 -561 -560 -559 -558 -557 284 285 -292 286 -291 -290 -289 -288 -287 293 -270 271 433 434 -435 $
272 307 308 309 310 311 312 313 276 277 159 283 160 161 162 -163 -7 106 107 108 109 92 93 131 -411 551 -410 414 -413 -412 -415 416 $
-542 543 492 391 392 393 394 464 -466 -465 -484 -483 476 477 478 479 480 -482 -481 -475 406 390 -493 495 494 389 $
328 329 330 -239 -238 -237 -236 -235 66 79 80 -87 -86 -85 -84 -83 -82 81 88 89 90 91 208 209 -210 535 536 62 63 64 65 -61 -60 67 68 69 -40 -39 38 -37 -36 -35 -34 -33 -32 -31 -30 -29 -28 -27 -26 44 43 -42 -41 $
364 -365 -70 361 360 359 71 72 73 74 75 76 77 -78 -407 -405 -404 -403 -402 -401 -400 -399 -398 -397 -396 -395 467 545 546 -544 547 $
331 332 333 334 335 -141 -140 138 139 164 -439 -438 -437 -436 135 136 137 -174 173 24 -25 23 -22 -21 -20 19 -18 -17 -13 -12 -11 -10 -9 -8 $

>monDom4
600 -577 582 583 584 592 593 594 595 596 597 598 599 587 -588 589 590 591 -576 -575 -574 -573 -580 -579 -578 $
417 418 -565 419 420 421 422 423 424 425 426 -564 427 428 429 430 563 -416 -415 -414 412 413 410 411 551 -296 -295 -294 300 301 302 303 304 305 306 307 308 309 310 311 312 313 314 362 363 -374 -373 -372 -371 -370 369 -368 -367 -366 365 -364 297 298 299 104 94 95 96 97 98 99 100 101 -103 -276 -275 -274 -273 272 $
550 -549 -548 -572 -571 -570 -129 -128 -127 -126 -125 -124 -123 130 132 133 134 66 -65 -64 -63 -62 -61 -60 67 68 69 70 71 72 73 74 75 76 77 -78 79 80 81 82 83 84 85 86 87 -408 409 432 431 433 434 435 436 437 438 439 448 -447 -446 -2 406 -3 $
-163 -321 -159 -162 -161 -160 -188 -187 -186 185 -184 -183 -182 -181 -180 -179 -178 -177 -176 175 -174 -173 -172 -171 -170 -169 -168 -167 -166 -165 -164 -158 -157 -156 -155 -154 -153 -152 -151 -150 149 -148 -147 -146 -390 391 392 393 394 395 396 397 398 399 400 401 402 403 404 405 407 $
-219 -218 -217 -216 348 349 350 351 492 -493 495 494 -270 271 -509 -508 -491 490 486 487 488 489 -354 -353 -352 -1 485 105 106 107 108 109 92 93 131 -283 -282 -281 -280 -102 -277 278 279 $
581 110 111 112 113 114 115 116 117 118 119 120 121 122 -569 -568 -567 -566 464 -466 -465 58 59 -458 -457 -456 -455 454 -449 440 441 442 443 444 445 -453 -452 -451 -450 140 141 -89 -88 -139 -138 -136 -135 90 91 -143 -142 -137 $
-358 -357 -347 -346 585 586 12 -145 -144 555 556 $
389 -377 376 380 -471 -474 -473 -472 -481 -378 379 -375 -383 -382 -381 -388 -387 -386 -385 -384 -475 482 -480 -479 -478 -477 -476 483 484 469 470 -468 467 -459 -461 -460 -462 -463 221 222 223 224 -220 -547 -359 -544 -543 542 496 497 498 499 360 -361 503 504 505 506 -50 -49 -48 -47 -46 -45 315 316 317 318 319 -320 324 325 -322 323 -546 -545 -57 -56 -55 -502 -501 -500 54 53 51 52 $
-4 -16 -15 -14 -11 -10 -9 -8 -7 -6 -5 13 26 27 28 29 30 31 32 33 34 35 36 37 -38 39 40 41 42 43 -44 521 -520 -516 -515 -518 517 519 522 523 -527 -526 525 -524 229 230 231 232 233 234 235 236 237 238 239 240 241 242 243 244 245 246 247 248 249 250 251 252 253 254 255 256 257 258 259 260 261 262 263 264 265 266 267 268 269 17 18 19 20 21 22 -23 25 -24 -514 510 511 -285 -284 -292 286 -291 -290 -289 -288 -287 293 512 513 -507 $
-356 -355 208 209 210 211 212 194 195 196 197 198 199 200 201 -214 -213 206 207 -215 -533 189 -335 -334 -333 -332 -331 -330 -329 -328 327 -326 -532 -205 -204 -203 -202 -193 -192 -191 -190 -534 528 529 530 531 535 536 537 538 -228 -227 -226 -225 336 337 338 339 340 341 342 343 344 345 539 540 541 557 -553 562 554 552 558 559 560 561 $

>hg18
464 465 466 467 468 469 470 471 472 473 474 475 476 477 478 479 480 481 482 483 484 $
528 529 530 531 532 533 534 535 536 537 538 $
539 540 541 542 543 $
485 486 487 488 489 490 491 492 493 494 495 496 497 498 499 500 501 502 503 504 505 506 $
507 508 509 510 511 512 513 514 515 516 517 518 519 520 521 522 523 524 525 526 527 $
459 460 461 462 463 $
544 545 546 547 $
410 411 412 413 414 415 416 417 418 419 420 421 422 423 424 425 426 427 428 429 430 $
431 432 433 434 435 436 437 438 439 440 441 442 443 444 445 446 447 448 449 450 451 452 453 454 455 456 457 458 $
362 363 364 365 366 367 368 369 370 371 372 373 374 375 376 377 378 379 380 381 382 383 384 385 386 387 388 389 $
390 391 392 393 394 395 396 397 398 399 400 401 402 403 404 405 406 407 408 409 $
566 567 568 569 570 571 572 573 574 575 576 577 578 579 580 581 582 583 584 585 586 587 588 589 590 591 592 593 594 595 596 597 598 599 600 $
1 2 3 4 5 6 7 8 9 10 11 12 13 14 15 16 17 18 19 20 21 22 23 24 25 26 27 28 29 30 31 32 33 34 35 36 37 38 39 40 41 42 43 44 $
315 316 317 318 319 320 321 322 323 324 325 326 327 328 329 330 331 332 333 334 335 336 337 338 339 340 341 342 343 344 345 $
346 347 348 349 350 351 352 353 354 355 356 357 358 359 360 361 $
551 552 553 554 555 556 557 558 559 560 561 562 563 564 565 $
146 147 148 149 150 151 152 153 154 155 156 157 158 159 160 161 162 163 164 165 166 167 168 169 170 171 172 173 174 175 176 177 178 179 180 181 182 183 184 185 186 187 188 $
189 190 191 192 193 194 195 196 197 198 199 200 201 202 203 204 205 206 207 208 209 210 211 212 213 214 215 216 217 218 219 220 221 222 223 224 $
225 226 227 228 229 230 231 232 233 234 235 236 237 238 239 240 241 242 243 244 245 246 247 248 249 250 251 252 253 254 255 256 257 258 259 260 261 262 263 264 265 266 267 268 269 $
270 271 272 273 274 275 276 277 278 279 280 281 282 283 284 285 286 287 288 289 290 291 292 293 294 295 296 297 298 299 300 301 302 303 304 305 306 307 308 309 310 311 312 313 314 $
548 549 550 $
45 46 47 48 49 50 51 52 53 54 55 56 57 58 59 60 61 62 63 64 65 66 67 68 69 70 71 72 73 74 75 76 77 78 79 80 81 82 83 84 85 86 87 88 89 90 91 $
92 93 94 95 96 97 98 99 100 101 102 103 104 105 106 107 108 109 110 111 112 113 114 115 116 117 118 119 120 121 122 123 124 125 126 127 128 129 130 131 132 133 134 135 136 137 138 139 140 141 142 143 144 145 $

>rn3
550 555 -556 -554 378 256 257 -59 255 -254 -253 -252 251 -250 -248 -249 -247 -245 -246 -244 $
-528 532 -533 215 -216 217 218 219 -220 -534 -531 -538 537 $
-502 501 -500 -557 -499 498 -497 -496 165 166 167 -168 -169 170 171 172 -503 504 506 505 -372 371 $
379 375 -541 -322 -323 -175 176 178 -177 -179 180 181 -182 183 184 -185 186 -187 188 -321 -324 325 448 -447 320 319 -318 -317 -316 -315 -458 457 $
224 -356 355 -225 -226 227 -228 279 369 -368 373 370 366 367 -374 362 -363 364 -365 $
16 15 -14 -158 -157 156 -154 -153 152 151 -150 149 -148 146 147 -562 280 281 282 -57 56 55 $
-230 -229 462 -599 94 95 -96 97 -105 432 -446 -431 -445 -443 -444 -442 -440 449 -441 -450 451 -452 -453 -454 456 455 $
-435 434 -433 -271 270 288 -293 287 289 -290 291 -286 292 -285 284 558 560 -559 561 $
-64 -63 -535 536 -62 65 61 -60 67 -68 69 -40 -39 38 -37 -36 -35 -34 -33 -32 31 -30 -28 -29 -27 26 44 43 -42 -41 $
-491 488 -490 -489 -487 -486 -485 -223 -222 221 509 508 507 -511 510 -512 513 514 521 -520 516 515 -518 517 519 522 -523 524 -525 526 527 $
-119 118 -117 -116 -115 -114 -112 -113 -111 -110 549 548 120 -121 122 123 124 125 126 -127 128 -129 -130 -145 -144 -143 -142 552 -553 417 -418 $
-584 -582 -583 581 580 -572 -571 -570 -579 -578 -577 -567 569 568 566 573 574 575 576 585 -586 587 -588 589 -590 591 592 595 -593 -594 596 -598 597 -600 $
-278 409 473 474 471 -469 -470 468 -234 -233 240 -241 242 243 472 134 -133 132 -101 103 -100 99 -98 -102 104 $
58 231 -232 -239 237 -238 -236 -235 66 79 80 81 82 84 83 85 86 87 -88 89 90 91 -208 209 210 211 -212 213 214 -530 -529 $
-275 -300 294 155 296 295 -297 -298 299 272 -307 308 310 309 311 312 313 276 -277 -283 -159 161 160 162 -163 -7 106 -107 108 109 92 -93 131 -411 551 -410 414 -413 -412 -415 416 $
-330 329 -328 326 -340 -339 -338 337 -336 327 358 357 352 -353 -354 346 -347 -348 -349 350 351 5 6 -4 3 -2 -1 $
54 -53 -52 51 48 49 50 -47 46 -45 -301 -306 -305 -304 -303 -302 459 461 460 -463 -314 -274 -273 $
-408 539 540 -563 -429 -430 -428 -427 -426 -425 423 -424 -422 -421 420 419 341 342 -343 344 -345 -564 -565 $
258 259 260 261 262 263 264 265 266 -267 268 269 -207 -206 -542 543 492 392 391 393 394 464 -466 -465 484 -483 476 -477 -478 -479 480 -482 -481 -475 406 -390 -493 495 494 -389 -377 376 380 381 -382 -383 -384 385 386 387 388 $
-205 204 -202 -203 -200 199 201 198 -196 -197 -195 -194 -193 -191 -192 -190 -189 -335 -334 -332 -333 -331 141 -140 138 -139 164 -439 -437 -438 -436 136 137 135 -174 173 24 -25 23 -22 21 -20 19 18 -17 13 12 -10 11 -9 -8 $
-70 361 360 359 71 -72 73 -74 76 75 77 -78 -407 405 404 -403 402 -401 400 -398 -399 397 -396 -395 -467 -545 546 -544 -547 $

>canFam2
-189 142 137 138 139 140 141 $
225 226 227 228 $
74 75 76 77 -78 79 $
80 81 82 83 84 85 -86 87 88 89 315 $
-259 229 230 231 232 233 234 235 236 237 238 239 240 241 242 243 244 245 246 247 248 249 250 251 252 253 254 269 $
-116 -115 -114 -113 -112 -111 -110 548 549 550 $
159 160 161 162 $
-166 -165 -164 -163 66 -65 -64 -63 -62 -61 -60 67 68 69 70 71 72 73 $
546 -103 102 -101 -100 -99 -98 -97 -96 95 -94 132 133 134 135 136 143 $
45 46 47 48 49 50 51 52 53 54 -23 25 -24 -22 $
312 -311 -310 295 296 297 298 299 272 273 274 275 276 277 278 279 303 -304 -305 306 307 308 309 $
-496 -4 -421 422 423 424 425 426 427 167 168 169 170 171 172 173 174 -175 176 177 178 179 180 181 $
-38 39 -41 $
343 344 345 -474 -149 157 $
-448 -439 -438 -437 -436 -435 -434 -433 -431 -432 182 -323 91 90 $
216 217 -218 219 346 347 348 349 350 351 357 358 359 $
-418 -417 -416 -415 414 -413 -412 410 411 551 $
-375 381 382 383 384 385 386 387 388 389 $
566 567 568 569 570 571 572 573 -574 575 -576 577 578 579 580 581 582 583 584 585 586 587 588 589 590 591 592 593 594 595 596 597 598 599 600 $
419 420 -565 -564 -563 -430 -429 -428 -59 -58 55 56 57 $
406 390 391 392 393 394 395 $
467 468 469 470 -471 $
-545 -544 547 $
282 283 -302 -301 -300 294 -405 -404 -403 -402 -401 -400 -399 -398 -397 -396 -407 $
326 327 328 329 330 331 332 333 334 335 336 337 338 -339 340 341 342 $
117 118 119 120 121 122 123 -125 -124 126 127 128 129 130 -145 -144 $
557 558 559 560 561 562 554 556 -555 552 -553 -377 376 380 $
-281 -313 280 314 322 -325 -324 321 -188 -187 -186 185 -184 183 316 -317 318 319 -320 $
459 460 461 462 463 $
-131 -93 -92 -109 -108 -107 -106 -105 -104 -541 -539 -540 $
527 -519 -517 518 522 523 524 -525 526 1 -516 -515 520 -521 -514 510 511 512 513 -507 -361 -360 $
-447 -446 -445 -444 -443 -442 -441 -440 449 450 451 452 453 454 455 456 457 458 $
378 379 215 -224 -223 -222 -221 -220 -197 -196 -195 -194 -193 -192 -191 -190 $
-409 -408 508 509 -7 -6 -5 -506 -505 -504 -503 -502 -501 -500 $
284 285 -292 286 -291 -290 -289 -288 -287 293 -271 270 -494 -495 493 -492 -491 490 -489 -488 -487 -486 -485 158 -21 -20 -19 -18 -17 -16 -15 -14 -13 -12 -11 -10 -9 -8 $
-36 -34 -37 -35 -33 40 -32 -31 -30 -29 -28 -27 -26 44 -43 -42 -533 -532 528 529 530 $
-260 -538 -537 -536 -535 -534 -531 261 262 263 264 265 266 267 268 255 256 257 258 -354 -353 352 -356 -355 -543 -542 $
-374 -373 -372 -371 -366 365 -370 369 -368 -367 -364 -363 -362 198 199 200 201 -499 -498 -497 -3 -2 $
-214 -213 -212 211 -210 -209 -208 -207 -206 -205 -204 -203 -202 466 -464 -465 -484 -483 476 477 478 479 480 -482 -481 -475 472 473 -148 -147 -150 -156 -155 -154 -153 -152 -151 -146 $

>galGal2
-547 -544 $
-541 $
36 37 34 35 $
-292 286 -291 -290 -289 -288 -287 293 284 285 510 511 512 513 -507 520 -521 $
3 $
-359 361 -360 $
-2 -1 $
-215 -214 -213 -212 $
600 105 106 107 108 109 92 93 131 $
-38 39 40 22 $
-467 -471 -474 -473 -472 -468 -475 -480 -479 -478 -477 -476 483 484 469 470 -482 481 $
-220 222 223 224 -221 $
522 -519 -517 518 $
198 199 200 201 191 192 193 194 195 196 197 346 347 -348 -355 208 209 210 211 -207 -206 324 325 357 358 202 203 349 $
409 $
-499 -498 -497 -496 -542 543 -502 -501 -500 503 504 505 506 $
-350 351 -218 -217 -216 190 -352 353 354 $
514 523 524 -525 526 527 $
-553 557 558 559 560 561 555 552 -556 -554 -562 $
-516 -515 $
295 296 -301 -300 294 -312 -311 -310 -309 -308 -307 -306 -305 -304 -303 -302 419 420 421 422 423 424 425 426 -564 -563 -430 -429 -428 -427 -418 -417 410 411 551 415 -416 565 414 130 413 123 124 125 126 127 128 129 117 118 119 120 121 122 25 -24 -116 -115 -114 -113 -112 -111 -110 548 549 550 -572 -571 -570 -569 -568 -567 -566 464 -466 -465 58 59 -458 -457 -456 -455 -453 -454 -452 -451 -450 -449 440 441 442 443 444 445 446 447 -448 -439 -438 -437 -436 -435 -434 -433 -431 -432 -408 406 412 $
19 20 21 -33 -32 23 -31 -30 -29 -28 -27 -26 -18 -17 -16 -15 -14 -13 -12 4 5 6 7 8 9 10 11 $
-66 -89 -88 -134 -133 -132 -91 -90 -145 -144 -143 -142 -141 -140 -139 -138 -137 -136 -135 $
578 579 580 587 -576 -575 -574 -573 -591 -590 -589 588 -577 -586 -585 -584 -583 -582 -581 -599 -598 -597 -596 -595 -594 -593 -592 173 174 -175 176 177 178 179 180 181 164 165 166 167 168 169 170 171 172 322 159 160 161 162 185 -184 -183 182 -163 186 187 188 -321 -158 -157 -156 -155 -154 -153 -152 -151 -150 149 -148 -147 -146 $
-394 -393 -392 -391 390 -407 400 401 402 403 404 405 459 460 461 463 462 $
375 -378 -380 -376 377 -379 381 -382 -383 384 385 386 387 388 389 $
-80 -79 -78 -77 -76 -75 81 82 83 84 85 86 87 -74 -65 -64 -63 -62 -61 -60 67 68 69 70 71 72 73 $
219 -534 -533 204 205 323 259 260 -539 -540 -356 399 $
490 486 487 488 489 -270 271 -509 -508 491 492 -493 495 494 485 -546 545 $
-280 -277 102 314 362 363 -374 -373 -372 -371 -370 369 -368 -367 -366 365 -364 297 298 299 272 273 274 275 276 94 95 96 97 98 99 100 101 -103 -104 -279 -278 -283 313 281 -538 -537 -228 -227 -226 -225 -189 282 -536 -535 531 -530 -529 -528 532 326 -327 328 329 330 331 332 333 334 335 336 337 338 339 340 341 342 -345 -344 -343 $
-57 -56 -55 232 -43 -42 -41 231 -230 -229 -44 -269 -268 -267 -266 -265 -264 398 -397 -396 -395 261 262 263 -258 -257 -256 -255 -254 -253 -252 -251 -250 -249 -248 -247 -246 -245 -244 -243 -242 -241 -240 -239 -238 -237 -236 -235 -234 -233 320 -319 -318 -317 -316 -315 45 46 47 48 49 50 51 52 53 54 $

