>mm8
132 -133 134 130 131 -136 -187 62 63 189 194 190 191 -193 -192 -197 -196 -195 $
119 140 141 $
-114 -205 41 42 -36 -35 $
79 -82 -80 -81 83 84 65 203 -198 27 188 $
33 -28 138 139 26 -137 150 -156 -151 157 $
118 $
16 -15 -100 -105 -104 -103 -102 -101 160 -107 -86 $
-13 -12 -68 120 -67 121 -59 -58 -57 -56 -55 $
-78 -77 -76 -74 75 19 149 209 -148 -147 $
88 89 -18 -17 66 64 -11 177 176 175 -179 -178 180 -181 183 -182 -184 185 186 $
-213 211 212 $
159 108 109 110 -158 -113 111 -54 112 199 210 -53 -52 172 173 174 -135 $
165 167 166 -70 72 -30 -29 31 32 $
-117 -73 3 -2 -1 $
-98 -97 -96 -95 99 87 106 208 43 44 45 46 47 48 49 50 -207 -206 90 -93 -92 -91 94 -85 152 153 154 $
-51 -4 34 37 -144 204 145 146 $
-200 201 -161 -163 162 170 -171 169 -168 142 $
-115 69 -71 -22 25 60 -61 20 21 23 -7 14 10 -9 -8 $
128 129 127 126 -125 124 122 123 24 -143 -164 -202 $
116 -40 38 39 -155 -6 -5 $

>monDom4
-212 -213 $
147 148 149 209 210 -146 -145 144 204 -96 -95 99 100 101 102 103 104 105 106 107 -136 -135 -134 133 -132 -131 -130 -129 -128 97 98 32 26 27 28 29 30 -31 -87 -86 $
203 -22 -21 -20 23 24 25 150 151 152 153 154 155 158 -157 -156 -1 $
-51 -111 -54 -53 -52 -50 -49 -48 -47 -46 -45 -44 -43 143 142 $
121 -85 33 34 37 -89 -88 $
35 36 -211 -161 19 -159 -40 -39 -38 -41 $
-11 -119 -42 $
-166 -167 138 139 137 -140 -141 169 -168 171 -170 -162 163 165 -164 160 64 65 66 67 -123 -122 -202 -201 200 172 173 124 125 126 -127 -16 -15 108 109 110 113 112 -18 -17 -174 $
-2 -4 -3 7 8 9 10 -14 -13 -12 183 181 -182 -186 -185 184 -68 69 70 71 72 73 74 75 76 77 78 79 80 81 82 83 84 5 6 -180 -90 -93 -92 -91 178 179 -175 -177 176 -94 $
-120 60 61 55 56 57 -63 62 192 193 -116 -115 -114 -59 -58 -194 187 188 189 190 191 195 196 197 117 118 -198 199 206 208 205 207 $

>hg18
161 162 163 164 165 166 167 168 169 170 171 $
187 188 189 190 191 192 193 194 195 196 197 $
198 199 200 201 $
172 173 174 $
175 176 177 178 179 180 181 182 183 184 185 186 $
160 $
202 $
144 145 146 147 148 149 $
150 151 152 153 154 155 156 157 158 159 $
128 129 130 131 132 133 134 135 136 137 138 139 140 141 $
142 143 $
211 212 213 $
1 2 3 4 5 6 7 8 9 10 11 12 13 14 $
108 109 110 111 112 113 114 115 116 117 118 $
119 120 121 122 123 124 125 126 127 $
204 205 206 207 208 209 210 $
43 44 45 46 47 48 49 50 51 52 53 54 $
55 56 57 58 59 60 61 62 63 64 65 66 67 $
68 69 70 71 72 73 74 75 76 77 78 79 80 81 82 83 84 $
85 86 87 88 89 90 91 92 93 94 95 96 97 98 99 100 101 102 103 104 105 106 107 $
203 $
15 16 17 18 19 20 21 22 23 24 25 $
26 27 28 29 30 31 32 33 34 35 36 37 38 39 40 41 42 $

>rn3
-138 28 -33 150 -156 -151 157 $
-187 62 63 189 -194 190 -191 -193 -192 -197 196 -195 $
-174 210 -173 -172 52 53 -135 $
139 26 -137 -199 -112 54 -111 113 158 -110 -109 -108 $
-121 67 120 -68 12 -134 133 -132 130 131 -136 13 128 129 $
-50 49 -48 -46 45 -44 -43 -208 88 89 18 -17 $
203 75 -19 -74 $
-154 153 -152 85 -94 91 -92 93 -90 206 207 $
-20 21 23 -7 14 10 -9 -8 $
-66 -65 64 -11 177 176 175 180 -178 179 -181 183 -182 -184 185 186 $
-36 -35 -42 -41 205 114 $
-213 211 212 $
165 167 166 -70 72 -30 31 -29 32 $
-27 69 -71 -22 159 25 60 61 -188 $
-106 -87 -99 95 47 96 -97 98 -51 -4 34 37 -144 204 146 145 $
115 -117 -73 3 -2 1 $
16 -15 -100 -105 -104 -103 -102 -101 160 -107 -86 $
-198 -209 -149 -148 147 118 $
77 76 78 79 80 81 -82 83 84 -200 201 -161 -163 162 170 -171 169 -168 142 119 -140 141 $
-59 58 -57 -55 -56 -116 38 -40 -39 -155 -6 -5 $
127 126 -125 124 122 123 24 -143 -164 -202 $

>canFam2
38 39 40 $
68 $
25 $
-172 -2 53 54 $
140 -141 $
-35 203 $
89 -101 -100 -99 95 142 $
-52 -51 -22 -21 -20 23 24 $
-31 -30 -29 -28 -27 -26 41 $
15 16 6 -5 $
-11 96 97 98 86 87 102 -103 -104 105 $
-37 -34 -33 -32 -199 198 $
69 70 71 72 73 74 84 $
114 115 116 117 118 $
147 148 -210 -209 -149 -19 17 18 $
119 122 $
-146 -145 144 204 $
108 $
211 -212 213 $
-158 -155 -154 -153 -152 -151 -150 -112 $
143 $
-164 165 -166 $
-202 $
8 $
36 -42 $
206 207 208 -205 $
-88 106 107 -113 111 109 110 $
160 $
186 182 -184 185 -183 181 -180 178 179 -175 -127 126 -125 -124 -123 $
-157 -156 159 $
-13 -12 138 139 137 63 -67 -66 -65 -64 -57 -56 -55 $
-176 -177 -4 -3 -174 $
90 -93 -92 -91 94 85 $
7 14 -10 -9 -192 187 188 189 190 -193 $
-197 -196 -195 -194 -191 78 79 80 81 82 83 75 76 77 -121 -120 -201 -200 $
-136 -135 -130 -129 -134 133 -132 -131 -128 -173 -1 $
-62 -61 -60 -59 -58 -161 -163 162 170 -171 169 -168 167 -43 -44 -50 -49 -48 -47 -46 -45 $

>galGal2
-202 $
-198 -199 $
180 -184 185 186 $
-93 -92 -91 -94 90 178 179 176 -177 -175 -183 181 $
1 $
-123 -122 127 -126 -125 -124 $
192 -85 $
-63 -62 $
33 34 37 $
7 5 $
-166 -167 -163 162 165 169 -168 -170 171 $
65 66 67 -64 $
182 $
55 56 57 119 -120 60 61 $
59 $
-173 -172 -200 201 -174 $
121 $
205 206 207 -208 $
2 3 4 $
22 -42 -41 -40 -39 -38 $
213 -212 54 52 53 -51 -111 -50 -49 -48 -47 -46 -45 -44 -43 $
-142 -164 160 $
-139 -138 137 -140 141 $
-25 -21 -20 23 24 $
113 193 -194 58 112 $
96 -100 -99 95 -105 -104 -103 -102 -101 147 148 -68 -210 -209 -149 144 204 -146 -145 -6 36 -35 203 -211 -161 19 -159 156 157 -158 -155 -154 -153 -152 -151 -150 $
-11 106 107 -136 -135 -134 133 -132 -131 -130 -129 -128 97 98 86 87 26 27 28 29 30 -31 -32 88 -197 -196 89 -195 190 191 189 -188 -187 -114 115 116 117 118 $
-18 -17 -10 -9 -8 -14 -13 12 -84 -83 -82 -81 -80 -143 78 79 -77 -76 -75 -74 -73 -72 -71 -70 -110 -109 -108 15 16 -69 $

